49 0 -44.987888
0 49 -44.987888
49 1 -46.410713
1 49 -46.410713
49 2 -43.514867
2 49 -43.514867
49 7 -42.385527
7 49 -42.385527
49 8 -54.816126
8 49 -54.816126
49 14 -47.524734
14 49 -47.524734
50 0 -54.734162
0 50 -54.734162
50 1 -42.219281
1 50 -42.219281
50 2 -49.847727
2 50 -49.847727
50 3 -46.676166
3 50 -46.676166
50 7 -41.346292
7 50 -41.346292
50 8 -52.968082
8 50 -52.968082
50 9 -42.259830
9 50 -42.259830
50 15 -45.397701
15 50 -45.397701
51 0 -50.987269
0 51 -50.987269
51 1 -50.260930
1 51 -50.260930
51 2 -43.758324
2 51 -43.758324
51 3 -53.231871
3 51 -53.231871
51 4 -50.074600
4 51 -50.074600
51 8 -49.820159
8 51 -49.820159
51 9 -45.263455
9 51 -45.263455
51 10 -45.864584
10 51 -45.864584
51 16 -40.804594
16 51 -40.804594
52 1 -52.504413
1 52 -52.504413
52 2 -40.091562
2 52 -40.091562
52 3 -51.316749
3 52 -51.316749
52 4 -43.804748
4 52 -43.804748
52 5 -46.182032
5 52 -46.182032
52 9 -44.478449
9 52 -44.478449
52 10 -54.315520
10 52 -54.315520
52 11 -42.591939
11 52 -42.591939
52 17 -51.634957
17 52 -51.634957
53 2 -48.973536
2 53 -48.973536
53 3 -47.935308
3 53 -47.935308
53 4 -51.607446
4 53 -51.607446
53 5 -47.172106
5 53 -47.172106
53 6 -53.755321
6 53 -53.755321
53 10 -47.411068
10 53 -47.411068
53 11 -51.178841
11 53 -51.178841
53 12 -53.573415
12 53 -53.573415
53 18 -51.889431
18 53 -51.889431
54 3 -46.677508
3 54 -46.677508
54 4 -53.612800
4 54 -53.612800
54 5 -44.178872
5 54 -44.178872
54 6 -54.714316
6 54 -54.714316
54 11 -41.524582
11 54 -41.524582
54 12 -48.535773
12 54 -48.535773
54 13 -43.589284
13 54 -43.589284
54 19 -41.875162
19 54 -41.875162
55 4 -51.930931
4 55 -51.930931
55 5 -45.515451
5 55 -45.515451
55 6 -54.993631
6 55 -54.993631
55 12 -51.718099
12 55 -51.718099
55 13 -50.089175
13 55 -50.089175
55 20 -41.820577
20 55 -41.820577
56 0 -54.388725
0 56 -54.388725
56 1 -44.513905
1 56 -44.513905
56 7 -50.141501
7 56 -50.141501
56 8 -45.099765
8 56 -45.099765
56 9 -48.124478
9 56 -48.124478
56 14 -47.780131
14 56 -47.780131
56 15 -53.249295
15 56 -53.249295
56 21 -40.522713
21 56 -40.522713
57 0 -42.642244
0 57 -42.642244
57 1 -50.590844
1 57 -50.590844
57 2 -53.192753
2 57 -53.192753
57 7 -40.187720
7 57 -40.187720
57 8 -51.268177
8 57 -51.268177
57 9 -50.756716
9 57 -50.756716
57 10 -51.317624
10 57 -51.317624
57 14 -50.449549
14 57 -50.449549
57 15 -53.581261
15 57 -53.581261
57 16 -44.519345
16 57 -44.519345
57 22 -50.179755
22 57 -50.179755
58 1 -54.229540
1 58 -54.229540
58 2 -52.041733
2 58 -52.041733
58 3 -50.114363
3 58 -50.114363
58 7 -48.917904
7 58 -48.917904
58 8 -50.155822
8 58 -50.155822
58 9 -43.760064
9 58 -43.760064
58 10 -48.442016
10 58 -48.442016
58 11 -41.901280
11 58 -41.901280
58 15 -43.206909
15 58 -43.206909
58 16 -42.010572
16 58 -42.010572
58 17 -54.808730
17 58 -54.808730
58 23 -53.686507
23 58 -53.686507
59 2 -53.736925
2 59 -53.736925
59 3 -51.557562
3 59 -51.557562
59 4 -48.765428
4 59 -48.765428
59 8 -51.042488
8 59 -51.042488
59 9 -41.888378
9 59 -41.888378
59 10 -42.071922
10 59 -42.071922
59 11 -50.120045
11 59 -50.120045
59 12 -48.391851
12 59 -48.391851
59 16 -44.632493
16 59 -44.632493
59 17 -40.807001
17 59 -40.807001
59 18 -51.571289
18 59 -51.571289
59 24 -49.020557
24 59 -49.020557
60 3 -47.923912
3 60 -47.923912
60 4 -47.695203
4 60 -47.695203
60 5 -54.907113
5 60 -54.907113
60 9 -44.210841
9 60 -44.210841
60 10 -41.143326
10 60 -41.143326
60 11 -46.287993
11 60 -46.287993
60 12 -49.625020
12 60 -49.625020
60 13 -54.271599
13 60 -54.271599
60 17 -48.143690
17 60 -48.143690
60 18 -48.422907
18 60 -48.422907
60 19 -46.274490
19 60 -46.274490
60 25 -41.502981
25 60 -41.502981
61 4 -52.161057
4 61 -52.161057
61 5 -51.457197
5 61 -51.457197
61 6 -41.997788
6 61 -41.997788
61 10 -48.479423
10 61 -48.479423
61 11 -42.214215
11 61 -42.214215
61 12 -52.017868
12 61 -52.017868
61 13 -44.032584
13 61 -44.032584
61 18 -43.222833
18 61 -43.222833
61 19 -53.832916
19 61 -53.832916
61 20 -46.855704
20 61 -46.855704
61 26 -42.149285
26 61 -42.149285
62 5 -41.802287
5 62 -41.802287
62 6 -47.601407
6 62 -47.601407
62 11 -47.414161
11 62 -47.414161
62 12 -44.487345
12 62 -44.487345
62 13 -51.468346
13 62 -51.468346
62 19 -41.364062
19 62 -41.364062
62 20 -41.502066
20 62 -41.502066
62 27 -41.730819
27 62 -41.730819
63 0 -51.783634
0 63 -51.783634
63 7 -50.805730
7 63 -50.805730
63 8 -45.526691
8 63 -45.526691
63 14 -43.654845
14 63 -43.654845
63 15 -47.089120
15 63 -47.089120
63 16 -54.806656
16 63 -54.806656
63 21 -53.459385
21 63 -53.459385
63 22 -45.227029
22 63 -45.227029
63 28 -46.302129
28 63 -46.302129
64 1 -44.315084
1 64 -44.315084
64 7 -46.249751
7 64 -46.249751
64 8 -54.586640
8 64 -54.586640
64 9 -54.119341
9 64 -54.119341
64 14 -43.008720
14 64 -43.008720
64 15 -40.536944
15 64 -40.536944
64 16 -53.265012
16 64 -53.265012
64 17 -41.071528
17 64 -41.071528
64 21 -50.594434
21 64 -50.594434
64 22 -51.637365
22 64 -51.637365
64 23 -43.271698
23 64 -43.271698
64 29 -48.847638
29 64 -48.847638
65 2 -44.346009
2 65 -44.346009
65 8 -41.635920
8 65 -41.635920
65 9 -42.587601
9 65 -42.587601
65 10 -46.473851
10 65 -46.473851
65 14 -43.004665
14 65 -43.004665
65 15 -45.669177
15 65 -45.669177
65 16 -50.226502
16 65 -50.226502
65 17 -50.913425
17 65 -50.913425
65 18 -52.645139
18 65 -52.645139
65 22 -51.425449
22 65 -51.425449
65 23 -54.781739
23 65 -54.781739
65 24 -43.839015
24 65 -43.839015
65 30 -45.226750
30 65 -45.226750
66 3 -53.583413
3 66 -53.583413
66 9 -50.921328
9 66 -50.921328
66 10 -42.097678
10 66 -42.097678
66 11 -48.132358
11 66 -48.132358
66 15 -52.007672
15 66 -52.007672
66 16 -47.398137
16 66 -47.398137
66 17 -42.861088
17 66 -42.861088
66 18 -49.958175
18 66 -49.958175
66 19 -53.906122
19 66 -53.906122
66 23 -49.810520
23 66 -49.810520
66 24 -47.508472
24 66 -47.508472
66 25 -46.164614
25 66 -46.164614
66 31 -45.511185
31 66 -45.511185
67 4 -48.162339
4 67 -48.162339
67 10 -54.828488
10 67 -54.828488
67 11 -51.021397
11 67 -51.021397
67 12 -54.062272
12 67 -54.062272
67 16 -46.366382
16 67 -46.366382
67 17 -54.387778
17 67 -54.387778
67 18 -53.091386
18 67 -53.091386
67 19 -49.805396
19 67 -49.805396
67 20 -46.944966
20 67 -46.944966
67 24 -42.085488
24 67 -42.085488
67 25 -48.412957
25 67 -48.412957
67 26 -45.370683
26 67 -45.370683
67 32 -53.222499
32 67 -53.222499
68 5 -53.398875
5 68 -53.398875
68 11 -42.778152
11 68 -42.778152
68 12 -46.120108
12 68 -46.120108
68 13 -45.466849
13 68 -45.466849
68 17 -48.160682
17 68 -48.160682
68 18 -43.104971
18 68 -43.104971
68 19 -44.539609
19 68 -44.539609
68 20 -42.801410
20 68 -42.801410
68 25 -48.129015
25 68 -48.129015
68 26 -53.013762
26 68 -53.013762
68 27 -46.264520
27 68 -46.264520
68 33 -47.333865
33 68 -47.333865
69 6 -42.041896
6 69 -42.041896
69 12 -51.077671
12 69 -51.077671
69 13 -53.644535
13 69 -53.644535
69 18 -46.482302
18 69 -46.482302
69 19 -41.980207
19 69 -41.980207
69 20 -49.490601
20 69 -49.490601
69 26 -54.442226
26 69 -54.442226
69 27 -50.378024
27 69 -50.378024
69 34 -50.987437
34 69 -50.987437
70 7 -51.502900
7 70 -51.502900
70 14 -53.906687
14 70 -53.906687
70 15 -45.029588
15 70 -45.029588
70 21 -44.801843
21 70 -44.801843
70 22 -51.744786
22 70 -51.744786
70 23 -42.011807
23 70 -42.011807
70 28 -52.412895
28 70 -52.412895
70 29 -48.102826
29 70 -48.102826
70 35 -46.183280
35 70 -46.183280
71 8 -50.237471
8 71 -50.237471
71 14 -50.545770
14 71 -50.545770
71 15 -41.165474
15 71 -41.165474
71 16 -42.611019
16 71 -42.611019
71 21 -53.864463
21 71 -53.864463
71 22 -51.446264
22 71 -51.446264
71 23 -43.147471
23 71 -43.147471
71 24 -40.354583
24 71 -40.354583
71 28 -46.859386
28 71 -46.859386
71 29 -52.086382
29 71 -52.086382
71 30 -54.845756
30 71 -54.845756
71 36 -47.501571
36 71 -47.501571
72 9 -53.780627
9 72 -53.780627
72 15 -43.860372
15 72 -43.860372
72 16 -44.464706
16 72 -44.464706
72 17 -47.105007
17 72 -47.105007
72 21 -41.156935
21 72 -41.156935
72 22 -43.906531
22 72 -43.906531
72 23 -50.387124
23 72 -50.387124
72 24 -40.539492
24 72 -40.539492
72 25 -43.572067
25 72 -43.572067
72 29 -54.896016
29 72 -54.896016
72 30 -45.511714
30 72 -45.511714
72 31 -52.179878
31 72 -52.179878
72 37 -43.379847
37 72 -43.379847
73 10 -50.657341
10 73 -50.657341
73 16 -43.227295
16 73 -43.227295
73 17 -52.657979
17 73 -52.657979
73 18 -47.053170
18 73 -47.053170
73 22 -41.010373
22 73 -41.010373
73 23 -51.516458
23 73 -51.516458
73 24 -53.571944
24 73 -53.571944
73 25 -48.814464
25 73 -48.814464
73 26 -42.978348
26 73 -42.978348
73 30 -51.399798
30 73 -51.399798
73 31 -40.655027
31 73 -40.655027
73 32 -41.867880
32 73 -41.867880
73 38 -49.924356
38 73 -49.924356
74 11 -50.972185
11 74 -50.972185
74 17 -41.844258
17 74 -41.844258
74 18 -42.165725
18 74 -42.165725
74 19 -46.734806
19 74 -46.734806
74 23 -50.738611
23 74 -50.738611
74 24 -47.224609
24 74 -47.224609
74 25 -40.873910
25 74 -40.873910
74 26 -51.283357
26 74 -51.283357
74 27 -54.450061
27 74 -54.450061
74 31 -40.098019
31 74 -40.098019
74 32 -49.031754
32 74 -49.031754
74 33 -44.858938
33 74 -44.858938
74 39 -47.284146
39 74 -47.284146
75 12 -41.892820
12 75 -41.892820
75 18 -45.827531
18 75 -45.827531
75 19 -42.363866
19 75 -42.363866
75 20 -50.635227
20 75 -50.635227
75 24 -44.855707
24 75 -44.855707
75 25 -42.830334
25 75 -42.830334
75 26 -46.147426
26 75 -46.147426
75 27 -47.886503
27 75 -47.886503
75 32 -54.582154
32 75 -54.582154
75 33 -51.508064
33 75 -51.508064
75 34 -54.553645
34 75 -54.553645
75 40 -53.519569
40 75 -53.519569
76 13 -44.572220
13 76 -44.572220
76 19 -43.966884
19 76 -43.966884
76 20 -54.676543
20 76 -54.676543
76 25 -45.676031
25 76 -45.676031
76 26 -52.868125
26 76 -52.868125
76 27 -47.062959
27 76 -47.062959
76 33 -54.082193
33 76 -54.082193
76 34 -52.888565
34 76 -52.888565
76 41 -51.867245
41 76 -51.867245
77 14 -46.088251
14 77 -46.088251
77 21 -46.406501
21 77 -46.406501
77 22 -51.966228
22 77 -51.966228
77 28 -43.316389
28 77 -43.316389
77 29 -42.951566
29 77 -42.951566
77 30 -53.871994
30 77 -53.871994
77 35 -42.702779
35 77 -42.702779
77 36 -42.087010
36 77 -42.087010
77 42 -42.476132
42 77 -42.476132
78 15 -48.752800
15 78 -48.752800
78 21 -50.670856
21 78 -50.670856
78 22 -50.392972
22 78 -50.392972
78 23 -45.735249
23 78 -45.735249
78 28 -40.444327
28 78 -40.444327
78 29 -44.606228
29 78 -44.606228
78 30 -51.888196
30 78 -51.888196
78 31 -49.713933
31 78 -49.713933
78 35 -43.374948
35 78 -43.374948
78 36 -50.739026
36 78 -50.739026
78 37 -50.072154
37 78 -50.072154
78 43 -52.938845
43 78 -52.938845
79 16 -54.173790
16 79 -54.173790
79 22 -46.268139
22 79 -46.268139
79 23 -42.863977
23 79 -42.863977
79 24 -40.230487
24 79 -40.230487
79 28 -46.612865
28 79 -46.612865
79 29 -54.303106
29 79 -54.303106
79 30 -54.631706
30 79 -54.631706
79 31 -49.106504
31 79 -49.106504
79 32 -43.884053
32 79 -43.884053
79 36 -41.708411
36 79 -41.708411
79 37 -51.444955
37 79 -51.444955
79 38 -52.401841
38 79 -52.401841
79 44 -51.943881
44 79 -51.943881
80 17 -46.816631
17 80 -46.816631
80 23 -52.708417
23 80 -52.708417
80 24 -45.705001
24 80 -45.705001
80 25 -47.201474
25 80 -47.201474
80 29 -41.308029
29 80 -41.308029
80 30 -50.671803
30 80 -50.671803
80 31 -40.636218
31 80 -40.636218
80 32 -42.522297
32 80 -42.522297
80 33 -45.626680
33 80 -45.626680
80 37 -53.189481
37 80 -53.189481
80 38 -49.292445
38 80 -49.292445
80 39 -43.842750
39 80 -43.842750
80 45 -51.171705
45 80 -51.171705
81 18 -40.174247
18 81 -40.174247
81 24 -52.677514
24 81 -52.677514
81 25 -53.203640
25 81 -53.203640
81 26 -53.743016
26 81 -53.743016
81 30 -49.925014
30 81 -49.925014
81 31 -47.433103
31 81 -47.433103
81 32 -43.230153
32 81 -43.230153
81 33 -53.846483
33 81 -53.846483
81 34 -51.621472
34 81 -51.621472
81 38 -49.854606
38 81 -49.854606
81 39 -50.125401
39 81 -50.125401
81 40 -54.400790
40 81 -54.400790
81 46 -43.279852
46 81 -43.279852
82 19 -46.422203
19 82 -46.422203
82 25 -49.809072
25 82 -49.809072
82 26 -43.058674
26 82 -43.058674
82 27 -44.136389
27 82 -44.136389
82 31 -50.400563
31 82 -50.400563
82 32 -43.295192
32 82 -43.295192
82 33 -52.473906
33 82 -52.473906
82 34 -44.132257
34 82 -44.132257
82 39 -48.293698
39 82 -48.293698
82 40 -53.003237
40 82 -53.003237
82 41 -50.660976
41 82 -50.660976
82 47 -53.460593
47 82 -53.460593
83 20 -54.003138
20 83 -54.003138
83 26 -48.645846
26 83 -48.645846
83 27 -54.084909
27 83 -54.084909
83 32 -50.926870
32 83 -50.926870
83 33 -52.458972
33 83 -52.458972
83 34 -40.957122
34 83 -40.957122
83 40 -48.393013
40 83 -48.393013
83 41 -53.090729
41 83 -53.090729
83 48 -45.813657
48 83 -45.813657
84 21 -41.265316
21 84 -41.265316
84 28 -45.829517
28 84 -45.829517
84 29 -54.605094
29 84 -54.605094
84 35 -53.004668
35 84 -53.004668
84 36 -45.256560
36 84 -45.256560
84 37 -42.971190
37 84 -42.971190
84 42 -54.271895
42 84 -54.271895
84 43 -52.171860
43 84 -52.171860
85 22 -40.087837
22 85 -40.087837
85 28 -40.597265
28 85 -40.597265
85 29 -53.943860
29 85 -53.943860
85 30 -45.334881
30 85 -45.334881
85 35 -54.144299
35 85 -54.144299
85 36 -40.916647
36 85 -40.916647
85 37 -41.983324
37 85 -41.983324
85 38 -54.155028
38 85 -54.155028
85 42 -41.555060
42 85 -41.555060
85 43 -54.704038
43 85 -54.704038
85 44 -44.090235
44 85 -44.090235
86 23 -53.674791
23 86 -53.674791
86 29 -54.801993
29 86 -54.801993
86 30 -52.391219
30 86 -52.391219
86 31 -54.521143
31 86 -54.521143
86 35 -45.119384
35 86 -45.119384
86 36 -45.176230
36 86 -45.176230
86 37 -46.759785
37 86 -46.759785
86 38 -48.366663
38 86 -48.366663
86 39 -49.027711
39 86 -49.027711
86 43 -43.683592
43 86 -43.683592
86 44 -47.068852
44 86 -47.068852
86 45 -41.526959
45 86 -41.526959
87 24 -50.117963
24 87 -50.117963
87 30 -54.574906
30 87 -54.574906
87 31 -40.849125
31 87 -40.849125
87 32 -49.512395
32 87 -49.512395
87 36 -45.711223
36 87 -45.711223
87 37 -46.895635
37 87 -46.895635
87 38 -54.901595
38 87 -54.901595
87 39 -46.736304
39 87 -46.736304
87 40 -49.969174
40 87 -49.969174
87 44 -53.160984
44 87 -53.160984
87 45 -51.861583
45 87 -51.861583
87 46 -46.805382
46 87 -46.805382
88 25 -49.850652
25 88 -49.850652
88 31 -45.767360
31 88 -45.767360
88 32 -50.860055
32 88 -50.860055
88 33 -47.112488
33 88 -47.112488
88 37 -46.683989
37 88 -46.683989
88 38 -46.961157
38 88 -46.961157
88 39 -41.753953
39 88 -41.753953
88 40 -48.333805
40 88 -48.333805
88 41 -52.146241
41 88 -52.146241
88 45 -50.175247
45 88 -50.175247
88 46 -49.648373
46 88 -49.648373
88 47 -50.463005
47 88 -50.463005
89 26 -49.730563
26 89 -49.730563
89 32 -42.539200
32 89 -42.539200
89 33 -50.539002
33 89 -50.539002
89 34 -43.703494
34 89 -43.703494
89 38 -53.381134
38 89 -53.381134
89 39 -41.212326
39 89 -41.212326
89 40 -54.014806
40 89 -54.014806
89 41 -42.904104
41 89 -42.904104
89 46 -53.041063
46 89 -53.041063
89 47 -41.869434
47 89 -41.869434
89 48 -46.576808
48 89 -46.576808
90 27 -49.476037
27 90 -49.476037
90 33 -47.754999
33 90 -47.754999
90 34 -41.219771
34 90 -41.219771
90 39 -54.546505
39 90 -54.546505
90 40 -51.401415
40 90 -51.401415
90 41 -54.550471
41 90 -54.550471
90 47 -54.698169
47 90 -54.698169
90 48 -44.981210
48 90 -44.981210
91 28 -50.728071
28 91 -50.728071
91 35 -46.476749
35 91 -46.476749
91 36 -41.691728
36 91 -41.691728
91 42 -44.581797
42 91 -44.581797
91 43 -50.176730
43 91 -50.176730
91 44 -43.080789
44 91 -43.080789
92 29 -44.512128
29 92 -44.512128
92 35 -40.954580
35 92 -40.954580
92 36 -45.563954
36 92 -45.563954
92 37 -42.364325
37 92 -42.364325
92 42 -47.899017
42 92 -47.899017
92 43 -52.484427
43 92 -52.484427
92 44 -54.097941
44 92 -54.097941
92 45 -50.062590
45 92 -50.062590
93 30 -51.322747
30 93 -51.322747
93 36 -54.669148
36 93 -54.669148
93 37 -45.635503
37 93 -45.635503
93 38 -41.200536
38 93 -41.200536
93 42 -53.470230
42 93 -53.470230
93 43 -40.586778
43 93 -40.586778
93 44 -49.569804
44 93 -49.569804
93 45 -53.854785
45 93 -53.854785
93 46 -44.329189
46 93 -44.329189
94 31 -42.501973
31 94 -42.501973
94 37 -41.199366
37 94 -41.199366
94 38 -48.627666
38 94 -48.627666
94 39 -51.733238
39 94 -51.733238
94 43 -47.990883
43 94 -47.990883
94 44 -44.480216
44 94 -44.480216
94 45 -53.960521
45 94 -53.960521
94 46 -47.824198
46 94 -47.824198
94 47 -46.722747
47 94 -46.722747
95 32 -46.914138
32 95 -46.914138
95 38 -44.803341
38 95 -44.803341
95 39 -43.238327
39 95 -43.238327
95 40 -41.847503
40 95 -41.847503
95 44 -45.219435
44 95 -45.219435
95 45 -47.166901
45 95 -47.166901
95 46 -43.293732
46 95 -43.293732
95 47 -51.420662
47 95 -51.420662
95 48 -44.929135
48 95 -44.929135
96 33 -52.363008
33 96 -52.363008
96 39 -48.333095
39 96 -48.333095
96 40 -54.610590
40 96 -54.610590
96 41 -47.153607
41 96 -47.153607
96 45 -48.265530
45 96 -48.265530
96 46 -53.955703
46 96 -53.955703
96 47 -44.485272
47 96 -44.485272
96 48 -52.815447
48 96 -52.815447
97 34 -43.636533
34 97 -43.636533
97 40 -40.617206
40 97 -40.617206
97 41 -49.833927
41 97 -49.833927
97 46 -42.156901
46 97 -42.156901
97 47 -53.699540
47 97 -53.699540
97 48 -42.883467
48 97 -42.883467
