25 0 -53.240994
0 25 -53.240994
25 1 -43.027511
1 25 -43.027511
25 5 -45.699853
5 25 -45.699853
25 6 -42.831745
6 25 -42.831745
26 0 -46.557672
0 26 -46.557672
26 1 -41.560911
1 26 -41.560911
26 2 -44.430620
2 26 -44.430620
26 5 -52.515802
5 26 -52.515802
26 6 -50.038395
6 26 -50.038395
26 7 -49.969322
7 26 -49.969322
27 1 -51.298413
1 27 -51.298413
27 2 -51.416037
2 27 -51.416037
27 3 -44.955290
3 27 -44.955290
27 6 -54.099650
6 27 -54.099650
27 7 -42.247365
7 27 -42.247365
27 8 -52.365381
8 27 -52.365381
28 2 -52.835153
2 28 -52.835153
28 3 -47.868344
3 28 -47.868344
28 4 -45.126921
4 28 -45.126921
28 7 -47.753255
7 28 -47.753255
28 8 -53.321390
8 28 -53.321390
28 9 -46.859908
9 28 -46.859908
29 3 -51.314368
3 29 -51.314368
29 4 -54.644220
4 29 -54.644220
29 8 -52.955929
8 29 -52.955929
29 9 -42.656878
9 29 -42.656878
30 0 -40.974870
0 30 -40.974870
30 1 -51.880403
1 30 -51.880403
30 5 -43.634279
5 30 -43.634279
30 6 -54.691573
6 30 -54.691573
30 10 -42.465869
10 30 -42.465869
30 11 -52.714664
11 30 -52.714664
31 0 -53.231855
0 31 -53.231855
31 1 -53.455647
1 31 -53.455647
31 2 -45.780591
2 31 -45.780591
31 5 -48.994231
5 31 -48.994231
31 6 -50.282096
6 31 -50.282096
31 7 -47.451133
7 31 -47.451133
31 10 -42.638607
10 31 -42.638607
31 11 -53.238537
11 31 -53.238537
31 12 -50.707206
12 31 -50.707206
32 1 -47.597454
1 32 -47.597454
32 2 -43.286512
2 32 -43.286512
32 3 -41.265870
3 32 -41.265870
32 6 -41.410280
6 32 -41.410280
32 7 -47.032364
7 32 -47.032364
32 8 -50.961109
8 32 -50.961109
32 11 -42.976309
11 32 -42.976309
32 12 -47.542585
12 32 -47.542585
32 13 -42.310617
13 32 -42.310617
33 2 -48.072693
2 33 -48.072693
33 3 -42.749009
3 33 -42.749009
33 4 -42.311669
4 33 -42.311669
33 7 -42.864241
7 33 -42.864241
33 8 -43.035277
8 33 -43.035277
33 9 -40.167668
9 33 -40.167668
33 12 -51.071145
12 33 -51.071145
33 13 -53.013670
13 33 -53.013670
33 14 -52.499627
14 33 -52.499627
34 3 -41.792164
3 34 -41.792164
34 4 -42.955617
4 34 -42.955617
34 8 -50.745500
8 34 -50.745500
34 9 -48.631309
9 34 -48.631309
34 13 -45.563928
13 34 -45.563928
34 14 -51.738288
14 34 -51.738288
35 5 -48.735036
5 35 -48.735036
35 6 -47.314908
6 35 -47.314908
35 10 -47.159662
10 35 -47.159662
35 11 -41.107031
11 35 -41.107031
35 15 -53.841464
15 35 -53.841464
35 16 -40.483638
16 35 -40.483638
36 5 -52.628868
5 36 -52.628868
36 6 -53.166570
6 36 -53.166570
36 7 -51.287560
7 36 -51.287560
36 10 -48.527707
10 36 -48.527707
36 11 -44.711146
11 36 -44.711146
36 12 -44.218968
12 36 -44.218968
36 15 -47.697532
15 36 -47.697532
36 16 -44.779943
16 36 -44.779943
36 17 -51.014743
17 36 -51.014743
37 6 -54.049338
6 37 -54.049338
37 7 -53.460570
7 37 -53.460570
37 8 -40.085013
8 37 -40.085013
37 11 -44.070390
11 37 -44.070390
37 12 -51.956600
12 37 -51.956600
37 13 -44.676245
13 37 -44.676245
37 16 -46.682983
16 37 -46.682983
37 17 -40.491537
17 37 -40.491537
37 18 -45.237700
18 37 -45.237700
38 7 -45.127921
7 38 -45.127921
38 8 -41.926790
8 38 -41.926790
38 9 -45.627090
9 38 -45.627090
38 12 -50.171553
12 38 -50.171553
38 13 -45.027092
13 38 -45.027092
38 14 -45.073805
14 38 -45.073805
38 17 -48.779505
17 38 -48.779505
38 18 -53.245484
18 38 -53.245484
38 19 -44.478570
19 38 -44.478570
39 8 -48.682956
8 39 -48.682956
39 9 -49.871500
9 39 -49.871500
39 13 -46.946144
13 39 -46.946144
39 14 -51.651786
14 39 -51.651786
39 18 -43.467581
18 39 -43.467581
39 19 -46.319036
19 39 -46.319036
40 10 -41.928216
10 40 -41.928216
40 11 -43.173471
11 40 -43.173471
40 15 -43.618981
15 40 -43.618981
40 16 -48.602370
16 40 -48.602370
40 20 -45.494901
20 40 -45.494901
40 21 -44.394509
21 40 -44.394509
41 10 -49.846029
10 41 -49.846029
41 11 -50.038416
11 41 -50.038416
41 12 -43.535154
12 41 -43.535154
41 15 -50.472370
15 41 -50.472370
41 16 -47.230368
16 41 -47.230368
41 17 -46.328845
17 41 -46.328845
41 20 -43.438953
20 41 -43.438953
41 21 -45.753391
21 41 -45.753391
41 22 -43.295568
22 41 -43.295568
42 11 -46.647067
11 42 -46.647067
42 12 -50.841388
12 42 -50.841388
42 13 -46.970397
13 42 -46.970397
42 16 -52.397631
16 42 -52.397631
42 17 -53.023148
17 42 -53.023148
42 18 -52.679579
18 42 -52.679579
42 21 -54.787775
21 42 -54.787775
42 22 -44.020697
22 42 -44.020697
42 23 -40.155579
23 42 -40.155579
43 12 -48.777170
12 43 -48.777170
43 13 -43.577558
13 43 -43.577558
43 14 -45.100258
14 43 -45.100258
43 17 -45.229423
17 43 -45.229423
43 18 -40.341786
18 43 -40.341786
43 19 -50.092549
19 43 -50.092549
43 22 -43.711381
22 43 -43.711381
43 23 -49.915308
23 43 -49.915308
43 24 -45.766308
24 43 -45.766308
44 13 -44.825912
13 44 -44.825912
44 14 -41.218060
14 44 -41.218060
44 18 -54.635801
18 44 -54.635801
44 19 -48.845882
19 44 -48.845882
44 23 -40.707089
23 44 -40.707089
44 24 -50.926368
24 44 -50.926368
45 15 -45.232983
15 45 -45.232983
45 16 -40.556304
16 45 -40.556304
45 20 -44.816743
20 45 -44.816743
45 21 -43.290106
21 45 -43.290106
46 15 -46.860839
15 46 -46.860839
46 16 -50.126310
16 46 -50.126310
46 17 -43.820720
17 46 -43.820720
46 20 -40.485141
20 46 -40.485141
46 21 -44.617426
21 46 -44.617426
46 22 -54.591731
22 46 -54.591731
47 16 -43.623978
16 47 -43.623978
47 17 -42.179143
17 47 -42.179143
47 18 -45.305965
18 47 -45.305965
47 21 -41.287787
21 47 -41.287787
47 22 -45.793389
22 47 -45.793389
47 23 -40.994819
23 47 -40.994819
48 17 -52.382659
17 48 -52.382659
48 18 -46.882871
18 48 -46.882871
48 19 -46.748917
19 48 -46.748917
48 22 -45.111438
22 48 -45.111438
48 23 -51.715250
23 48 -51.715250
48 24 -53.365082
24 48 -53.365082
49 18 -47.914770
18 49 -47.914770
49 19 -54.570544
19 49 -54.570544
49 23 -42.525044
23 49 -42.525044
49 24 -42.179001
24 49 -42.179001
