# Created by Octave 3.0.5, Tue Dec 07 20:19:31 2010 PST <rahulb@zoomzoom>
# name: A
# type: matrix
# rows: 25
# columns: 25
 0 1 1 0 0 1 1 1 0 0 1 1 1 0 0 0 0 0 0 0 0 0 0 0 0
 1 0 1 1 0 1 1 1 1 0 1 1 1 1 0 0 0 0 0 0 0 0 0 0 0
 1 1 0 1 1 1 1 1 1 1 1 1 1 1 1 0 0 0 0 0 0 0 0 0 0
 0 1 1 0 1 0 1 1 1 1 0 1 1 1 1 0 0 0 0 0 0 0 0 0 0
 0 0 1 1 0 0 0 1 1 1 0 0 1 1 1 0 0 0 0 0 0 0 0 0 0
 1 1 1 0 0 0 1 1 0 0 1 1 1 0 0 1 1 1 0 0 0 0 0 0 0
 1 1 1 1 0 1 0 1 1 0 1 1 1 1 0 1 1 1 1 0 0 0 0 0 0
 1 1 1 1 1 1 1 0 1 1 1 1 1 1 1 1 1 1 1 1 0 0 0 0 0
 0 1 1 1 1 0 1 1 0 1 0 1 1 1 1 0 1 1 1 1 0 0 0 0 0
 0 0 1 1 1 0 0 1 1 0 0 0 1 1 1 0 0 1 1 1 0 0 0 0 0
 1 1 1 0 0 1 1 1 0 0 0 1 1 0 0 1 1 1 0 0 1 1 1 0 0
 1 1 1 1 0 1 1 1 1 0 1 0 1 1 0 1 1 1 1 0 1 1 1 1 0
 1 1 1 1 1 1 1 1 1 1 1 1 0 1 1 1 1 1 1 1 1 1 1 1 1
 0 1 1 1 1 0 1 1 1 1 0 1 1 0 1 0 1 1 1 1 0 1 1 1 1
 0 0 1 1 1 0 0 1 1 1 0 0 1 1 0 0 0 1 1 1 0 0 1 1 1
 0 0 0 0 0 1 1 1 0 0 1 1 1 0 0 0 1 1 0 0 1 1 1 0 0
 0 0 0 0 0 1 1 1 1 0 1 1 1 1 0 1 0 1 1 0 1 1 1 1 0
 0 0 0 0 0 1 1 1 1 1 1 1 1 1 1 1 1 0 1 1 1 1 1 1 1
 0 0 0 0 0 0 1 1 1 1 0 1 1 1 1 0 1 1 0 1 0 1 1 1 1
 0 0 0 0 0 0 0 1 1 1 0 0 1 1 1 0 0 1 1 0 0 0 1 1 1
 0 0 0 0 0 0 0 0 0 0 1 1 1 0 0 1 1 1 0 0 0 1 1 0 0
 0 0 0 0 0 0 0 0 0 0 1 1 1 1 0 1 1 1 1 0 1 0 1 1 0
 0 0 0 0 0 0 0 0 0 0 1 1 1 1 1 1 1 1 1 1 1 1 0 1 1
 0 0 0 0 0 0 0 0 0 0 0 1 1 1 1 0 1 1 1 1 0 1 1 0 1
 0 0 0 0 0 0 0 0 0 0 0 0 1 1 1 0 0 1 1 1 0 0 1 1 0
# name: D
# type: matrix
# rows: 1
# columns: 25
 8 11 14 11 8 11 15 19 15 11 14 19 24 19 14 11 15 19 15 11 8 11 14 11 8
# name: M
# type: scalar
25
# name: N
# type: scalar
25
# name: W
# type: matrix
# rows: 25
# columns: 25
 0.4975000000000001 0.08333333333333333 0.06666666666666667 0 0 0.08333333333333333 0.0625 0.05 0 0 0.06666666666666667 0.05 0.04 0 0 0 0 0 0 0 0 0 0 0 0
 0.08333333333333333 0.3016666666666665 0.06666666666666667 0.08333333333333333 0 0.08333333333333333 0.0625 0.05 0.0625 0 0.06666666666666667 0.05 0.04 0.05 0 0 0 0 0 0 0 0 0 0 0
 0.06666666666666667 0.06666666666666667 0.1516666666666666 0.06666666666666667 0.06666666666666667 0.06666666666666667 0.0625 0.05 0.0625 0.06666666666666667 0.06666666666666667 0.05 0.04 0.05 0.06666666666666667 0 0 0 0 0 0 0 0 0 0
 0 0.08333333333333333 0.06666666666666667 0.3016666666666666 0.08333333333333333 0 0.0625 0.05 0.0625 0.08333333333333333 0 0.05 0.04 0.05 0.06666666666666667 0 0 0 0 0 0 0 0 0 0
 0 0 0.06666666666666667 0.08333333333333333 0.4975000000000001 0 0 0.05 0.0625 0.08333333333333333 0 0 0.04 0.05 0.06666666666666667 0 0 0 0 0 0 0 0 0 0
 0.08333333333333333 0.08333333333333333 0.06666666666666667 0 0 0.3016666666666666 0.0625 0.05 0 0 0.06666666666666667 0.05 0.04 0 0 0.08333333333333333 0.0625 0.05 0 0 0 0 0 0 0
 0.0625 0.0625 0.0625 0.0625 0 0.0625 0.1349999999999999 0.05 0.0625 0 0.0625 0.05 0.04 0.05 0 0.0625 0.0625 0.05 0.0625 0 0 0 0 0 0
 0.05 0.05 0.05 0.05 0.05 0.05 0.05 0.05999999999999972 0.05 0.05 0.05 0.05 0.04 0.05 0.05 0.05 0.05 0.05 0.05 0.05 0 0 0 0 0
 0 0.0625 0.0625 0.0625 0.0625 0 0.0625 0.05 0.1349999999999999 0.0625 0 0.05 0.04 0.05 0.0625 0 0.0625 0.05 0.0625 0.0625 0 0 0 0 0
 0 0 0.06666666666666667 0.08333333333333333 0.08333333333333333 0 0 0.05 0.0625 0.3016666666666666 0 0 0.04 0.05 0.06666666666666667 0 0 0.05 0.0625 0.08333333333333333 0 0 0 0 0
 0.06666666666666667 0.06666666666666667 0.06666666666666667 0 0 0.06666666666666667 0.0625 0.05 0 0 0.1516666666666667 0.05 0.04 0 0 0.06666666666666667 0.0625 0.05 0 0 0.06666666666666667 0.06666666666666667 0.06666666666666667 0 0
 0.05 0.05 0.05 0.05 0 0.05 0.05 0.05 0.05 0 0.05 0.05999999999999972 0.04 0.05 0 0.05 0.05 0.05 0.05 0 0.05 0.05 0.05 0.05 0
 0.04 0.04 0.04 0.04 0.04 0.04 0.04 0.04 0.04 0.04 0.04 0.04 0.0399999999999997 0.04 0.04 0.04 0.04 0.04 0.04 0.04 0.04 0.04 0.04 0.04 0.04
 0 0.05 0.05 0.05 0.05 0 0.05 0.05 0.05 0.05 0 0.05 0.04 0.05999999999999972 0.05 0 0.05 0.05 0.05 0.05 0 0.05 0.05 0.05 0.05
 0 0 0.06666666666666667 0.06666666666666667 0.06666666666666667 0 0 0.05 0.0625 0.06666666666666667 0 0 0.04 0.05 0.1516666666666667 0 0 0.05 0.0625 0.06666666666666667 0 0 0.06666666666666667 0.06666666666666667 0.06666666666666667
 0 0 0 0 0 0.08333333333333333 0.0625 0.05 0 0 0.06666666666666667 0.05 0.04 0 0 0.3016666666666667 0.0625 0.05 0 0 0.08333333333333333 0.08333333333333333 0.06666666666666667 0 0
 0 0 0 0 0 0.0625 0.0625 0.05 0.0625 0 0.0625 0.05 0.04 0.05 0 0.0625 0.135 0.05 0.0625 0 0.0625 0.0625 0.0625 0.0625 0
 0 0 0 0 0 0.05 0.05 0.05 0.05 0.05 0.05 0.05 0.04 0.05 0.05 0.05 0.05 0.05999999999999972 0.05 0.05 0.05 0.05 0.05 0.05 0.05
 0 0 0 0 0 0 0.0625 0.05 0.0625 0.0625 0 0.05 0.04 0.05 0.0625 0 0.0625 0.05 0.135 0.0625 0 0.0625 0.0625 0.0625 0.0625
 0 0 0 0 0 0 0 0.05 0.0625 0.08333333333333333 0 0 0.04 0.05 0.06666666666666667 0 0 0.05 0.0625 0.3016666666666666 0 0 0.06666666666666667 0.08333333333333333 0.08333333333333333
 0 0 0 0 0 0 0 0 0 0 0.06666666666666667 0.05 0.04 0 0 0.08333333333333333 0.0625 0.05 0 0 0.4975000000000001 0.08333333333333333 0.06666666666666667 0 0
 0 0 0 0 0 0 0 0 0 0 0.06666666666666667 0.05 0.04 0.05 0 0.08333333333333333 0.0625 0.05 0.0625 0 0.08333333333333333 0.3016666666666666 0.06666666666666667 0.08333333333333333 0
 0 0 0 0 0 0 0 0 0 0 0.06666666666666667 0.05 0.04 0.05 0.06666666666666667 0.06666666666666667 0.0625 0.05 0.0625 0.06666666666666667 0.06666666666666667 0.06666666666666667 0.1516666666666668 0.06666666666666667 0.06666666666666667
 0 0 0 0 0 0 0 0 0 0 0 0.05 0.04 0.05 0.06666666666666667 0 0.0625 0.05 0.0625 0.08333333333333333 0 0.08333333333333333 0.06666666666666667 0.3016666666666666 0.08333333333333333
 0 0 0 0 0 0 0 0 0 0 0 0 0.04 0.05 0.06666666666666667 0 0 0.05 0.0625 0.08333333333333333 0 0 0.06666666666666667 0.08333333333333333 0.4975000000000001
# name: __nargin__
# type: scalar
0
# name: a
# type: scalar
0.16
# name: h
# type: scalar
2.5
# name: i
# type: scalar
25
# name: j
# type: scalar
8
# name: k
# type: scalar
20
# name: n
# type: scalar
5
# name: p
# type: matrix
# rows: 1
# columns: 3
 5 5 0
# name: r
# type: matrix
# rows: 1
# columns: 25
 0.6751580471013864 0.9466281860302073 0.9569682331841912 0.9534221339652991 0.5424155931154473 0.971470840733596 0.7048373919274844 0.605927740006693 0.619080320670363 0.9251102213679979 0.6817898229098847 0.6769290303079969 0.6578406541013215 0.6922692418018621 0.5738481847064234 0.9692584411874373 0.8821745597844506 0.8492140149901864 0.8813869058049786 0.9073836982882335 0.6066616550376529 0.5329851576871063 0.6202248594165878 0.8454506704740045 0.5049966680662941
# name: s
# type: matrix
# rows: 1
# columns: 3
 5 5 2.5
