49 0 -40.563048
0 49 -40.563048
49 1 -41.843327
1 49 -41.843327
49 7 -54.534881
7 49 -54.534881
49 8 -51.727729
8 49 -51.727729
50 0 -52.969234
0 50 -52.969234
50 1 -40.875443
1 50 -40.875443
50 2 -53.588910
2 50 -53.588910
50 7 -48.122731
7 50 -48.122731
50 8 -42.915794
8 50 -42.915794
50 9 -53.235767
9 50 -53.235767
51 1 -53.719065
1 51 -53.719065
51 2 -40.139193
2 51 -40.139193
51 3 -44.296259
3 51 -44.296259
51 8 -40.198681
8 51 -40.198681
51 9 -49.768334
9 51 -49.768334
51 10 -47.612183
10 51 -47.612183
52 2 -50.282107
2 52 -50.282107
52 3 -53.235326
3 52 -53.235326
52 4 -51.075214
4 52 -51.075214
52 9 -53.322913
9 52 -53.322913
52 10 -52.122483
10 52 -52.122483
52 11 -49.373645
11 52 -49.373645
53 3 -52.384526
3 53 -52.384526
53 4 -42.878658
4 53 -42.878658
53 5 -45.919580
5 53 -45.919580
53 10 -43.121373
10 53 -43.121373
53 11 -48.509438
11 53 -48.509438
53 12 -50.416020
12 53 -50.416020
54 4 -43.300111
4 54 -43.300111
54 5 -41.117676
5 54 -41.117676
54 6 -51.332418
6 54 -51.332418
54 11 -54.561410
11 54 -54.561410
54 12 -43.930459
12 54 -43.930459
54 13 -41.284145
13 54 -41.284145
55 5 -40.006968
5 55 -40.006968
55 6 -48.558475
6 55 -48.558475
55 12 -54.720765
12 55 -54.720765
55 13 -41.770760
13 55 -41.770760
56 0 -41.511124
0 56 -41.511124
56 1 -48.375211
1 56 -48.375211
56 7 -41.196998
7 56 -41.196998
56 8 -40.918973
8 56 -40.918973
56 14 -42.897524
14 56 -42.897524
56 15 -45.414863
15 56 -45.414863
57 0 -45.673795
0 57 -45.673795
57 1 -42.909218
1 57 -42.909218
57 2 -45.642671
2 57 -45.642671
57 7 -42.321321
7 57 -42.321321
57 8 -52.605717
8 57 -52.605717
57 9 -51.711132
9 57 -51.711132
57 14 -44.263552
14 57 -44.263552
57 15 -52.945639
15 57 -52.945639
57 16 -53.158948
16 57 -53.158948
58 1 -42.794475
1 58 -42.794475
58 2 -53.731004
2 58 -53.731004
58 3 -47.615480
3 58 -47.615480
58 8 -53.180945
8 58 -53.180945
58 9 -54.473444
9 58 -54.473444
58 10 -40.593594
10 58 -40.593594
58 15 -48.279674
15 58 -48.279674
58 16 -52.795831
16 58 -52.795831
58 17 -53.970527
17 58 -53.970527
59 2 -48.382490
2 59 -48.382490
59 3 -47.751459
3 59 -47.751459
59 4 -51.449115
4 59 -51.449115
59 9 -49.253996
9 59 -49.253996
59 10 -48.865812
10 59 -48.865812
59 11 -54.995285
11 59 -54.995285
59 16 -49.294468
16 59 -49.294468
59 17 -52.487177
17 59 -52.487177
59 18 -52.156359
18 59 -52.156359
60 3 -40.528944
3 60 -40.528944
60 4 -44.050596
4 60 -44.050596
60 5 -44.616611
5 60 -44.616611
60 10 -41.452167
10 60 -41.452167
60 11 -48.063096
11 60 -48.063096
60 12 -45.768228
12 60 -45.768228
60 17 -54.757598
17 60 -54.757598
60 18 -48.632266
18 60 -48.632266
60 19 -53.793383
19 60 -53.793383
61 4 -42.722125
4 61 -42.722125
61 5 -50.950637
5 61 -50.950637
61 6 -52.529786
6 61 -52.529786
61 11 -40.271545
11 61 -40.271545
61 12 -50.760939
12 61 -50.760939
61 13 -50.523601
13 61 -50.523601
61 18 -40.808792
18 61 -40.808792
61 19 -53.845816
19 61 -53.845816
61 20 -41.112645
20 61 -41.112645
62 5 -52.866636
5 62 -52.866636
62 6 -54.620998
6 62 -54.620998
62 12 -49.920174
12 62 -49.920174
62 13 -44.098347
13 62 -44.098347
62 19 -50.860180
19 62 -50.860180
62 20 -40.768772
20 62 -40.768772
63 7 -54.541229
7 63 -54.541229
63 8 -44.250272
8 63 -44.250272
63 14 -51.880803
14 63 -51.880803
63 15 -47.157780
15 63 -47.157780
63 21 -42.874988
21 63 -42.874988
63 22 -51.750139
22 63 -51.750139
64 7 -40.034070
7 64 -40.034070
64 8 -47.294527
8 64 -47.294527
64 9 -54.652021
9 64 -54.652021
64 14 -41.890120
14 64 -41.890120
64 15 -40.137400
15 64 -40.137400
64 16 -47.776328
16 64 -47.776328
64 21 -46.938425
21 64 -46.938425
64 22 -41.471984
22 64 -41.471984
64 23 -47.386496
23 64 -47.386496
65 8 -43.588655
8 65 -43.588655
65 9 -54.235880
9 65 -54.235880
65 10 -53.025041
10 65 -53.025041
65 15 -43.513263
15 65 -43.513263
65 16 -53.324913
16 65 -53.324913
65 17 -49.263415
17 65 -49.263415
65 22 -51.403915
22 65 -51.403915
65 23 -50.695801
23 65 -50.695801
65 24 -46.005574
24 65 -46.005574
66 9 -52.669214
9 66 -52.669214
66 10 -51.955896
10 66 -51.955896
66 11 -44.216788
11 66 -44.216788
66 16 -47.290651
16 66 -47.290651
66 17 -54.515684
17 66 -54.515684
66 18 -44.780584
18 66 -44.780584
66 23 -40.838349
23 66 -40.838349
66 24 -50.995053
24 66 -50.995053
66 25 -44.436720
25 66 -44.436720
67 10 -42.238137
10 67 -42.238137
67 11 -48.374405
11 67 -48.374405
67 12 -44.522201
12 67 -44.522201
67 17 -48.115297
17 67 -48.115297
67 18 -44.322293
18 67 -44.322293
67 19 -47.745018
19 67 -47.745018
67 24 -49.899205
24 67 -49.899205
67 25 -53.907464
25 67 -53.907464
67 26 -53.144521
26 67 -53.144521
68 11 -48.041675
11 68 -48.041675
68 12 -52.087932
12 68 -52.087932
68 13 -46.545842
13 68 -46.545842
68 18 -51.812374
18 68 -51.812374
68 19 -52.728154
19 68 -52.728154
68 20 -51.521539
20 68 -51.521539
68 25 -40.890928
25 68 -40.890928
68 26 -49.778324
26 68 -49.778324
68 27 -51.411470
27 68 -51.411470
69 12 -52.645435
12 69 -52.645435
69 13 -43.728895
13 69 -43.728895
69 19 -40.644571
19 69 -40.644571
69 20 -43.183158
20 69 -43.183158
69 26 -49.089552
26 69 -49.089552
69 27 -45.362064
27 69 -45.362064
70 14 -49.483199
14 70 -49.483199
70 15 -49.288588
15 70 -49.288588
70 21 -41.599716
21 70 -41.599716
70 22 -51.127172
22 70 -51.127172
70 28 -53.694313
28 70 -53.694313
70 29 -51.798647
29 70 -51.798647
71 14 -54.417160
14 71 -54.417160
71 15 -41.005823
15 71 -41.005823
71 16 -40.598379
16 71 -40.598379
71 21 -52.713110
21 71 -52.713110
71 22 -53.131996
22 71 -53.131996
71 23 -44.091283
23 71 -44.091283
71 28 -44.906046
28 71 -44.906046
71 29 -40.103366
29 71 -40.103366
71 30 -43.005680
30 71 -43.005680
72 15 -41.214042
15 72 -41.214042
72 16 -48.408716
16 72 -48.408716
72 17 -47.573856
17 72 -47.573856
72 22 -41.956284
22 72 -41.956284
72 23 -52.440225
23 72 -52.440225
72 24 -49.215775
24 72 -49.215775
72 29 -46.051221
29 72 -46.051221
72 30 -40.371996
30 72 -40.371996
72 31 -44.461433
31 72 -44.461433
73 16 -54.914050
16 73 -54.914050
73 17 -52.961237
17 73 -52.961237
73 18 -41.423930
18 73 -41.423930
73 23 -43.474785
23 73 -43.474785
73 24 -41.067992
24 73 -41.067992
73 25 -54.455167
25 73 -54.455167
73 30 -53.891869
30 73 -53.891869
73 31 -43.195205
31 73 -43.195205
73 32 -53.436111
32 73 -53.436111
74 17 -44.083051
17 74 -44.083051
74 18 -40.874614
18 74 -40.874614
74 19 -42.633797
19 74 -42.633797
74 24 -42.752625
24 74 -42.752625
74 25 -48.093223
25 74 -48.093223
74 26 -52.537079
26 74 -52.537079
74 31 -45.477036
31 74 -45.477036
74 32 -49.673969
32 74 -49.673969
74 33 -53.939950
33 74 -53.939950
75 18 -51.757910
18 75 -51.757910
75 19 -47.163124
19 75 -47.163124
75 20 -45.773276
20 75 -45.773276
75 25 -44.210954
25 75 -44.210954
75 26 -45.750120
26 75 -45.750120
75 27 -53.763289
27 75 -53.763289
75 32 -41.985390
32 75 -41.985390
75 33 -45.845195
33 75 -45.845195
75 34 -44.402406
34 75 -44.402406
76 19 -53.794661
19 76 -53.794661
76 20 -50.191113
20 76 -50.191113
76 26 -41.221610
26 76 -41.221610
76 27 -46.547048
27 76 -46.547048
76 33 -47.891453
33 76 -47.891453
76 34 -48.813100
34 76 -48.813100
77 21 -54.530099
21 77 -54.530099
77 22 -42.655460
22 77 -42.655460
77 28 -51.789381
28 77 -51.789381
77 29 -40.164882
29 77 -40.164882
77 35 -48.690109
35 77 -48.690109
77 36 -44.083497
36 77 -44.083497
78 21 -41.980197
21 78 -41.980197
78 22 -44.889167
22 78 -44.889167
78 23 -52.430687
23 78 -52.430687
78 28 -45.391658
28 78 -45.391658
78 29 -44.349782
29 78 -44.349782
78 30 -54.505293
30 78 -54.505293
78 35 -45.626594
35 78 -45.626594
78 36 -49.602823
36 78 -49.602823
78 37 -45.076586
37 78 -45.076586
79 22 -45.284462
22 79 -45.284462
79 23 -41.770332
23 79 -41.770332
79 24 -48.676677
24 79 -48.676677
79 29 -41.879418
29 79 -41.879418
79 30 -54.451293
30 79 -54.451293
79 31 -49.766256
31 79 -49.766256
79 36 -41.265898
36 79 -41.265898
79 37 -42.661151
37 79 -42.661151
79 38 -46.934912
38 79 -46.934912
80 23 -40.471074
23 80 -40.471074
80 24 -54.841984
24 80 -54.841984
80 25 -46.348711
25 80 -46.348711
80 30 -42.595921
30 80 -42.595921
80 31 -53.193826
31 80 -53.193826
80 32 -43.619535
32 80 -43.619535
80 37 -54.100564
37 80 -54.100564
80 38 -40.367035
38 80 -40.367035
80 39 -50.752550
39 80 -50.752550
81 24 -46.025767
24 81 -46.025767
81 25 -43.838457
25 81 -43.838457
81 26 -43.324124
26 81 -43.324124
81 31 -53.167807
31 81 -53.167807
81 32 -45.537348
32 81 -45.537348
81 33 -52.396070
33 81 -52.396070
81 38 -40.801441
38 81 -40.801441
81 39 -54.909506
39 81 -54.909506
81 40 -46.402777
40 81 -46.402777
82 25 -50.095446
25 82 -50.095446
82 26 -50.772701
26 82 -50.772701
82 27 -43.899267
27 82 -43.899267
82 32 -49.024219
32 82 -49.024219
82 33 -45.670668
33 82 -45.670668
82 34 -42.394082
34 82 -42.394082
82 39 -54.184434
39 82 -54.184434
82 40 -48.246778
40 82 -48.246778
82 41 -48.965501
41 82 -48.965501
83 26 -45.818859
26 83 -45.818859
83 27 -41.057986
27 83 -41.057986
83 33 -54.300240
33 83 -54.300240
83 34 -49.581662
34 83 -49.581662
83 40 -53.908641
40 83 -53.908641
83 41 -52.280957
41 83 -52.280957
84 28 -50.239911
28 84 -50.239911
84 29 -44.487102
29 84 -44.487102
84 35 -53.751930
35 84 -53.751930
84 36 -53.617225
36 84 -53.617225
84 42 -44.551865
42 84 -44.551865
84 43 -49.197670
43 84 -49.197670
85 28 -43.828633
28 85 -43.828633
85 29 -48.922805
29 85 -48.922805
85 30 -42.451978
30 85 -42.451978
85 35 -51.088825
35 85 -51.088825
85 36 -48.327621
36 85 -48.327621
85 37 -45.197539
37 85 -45.197539
85 42 -48.377709
42 85 -48.377709
85 43 -47.815759
43 85 -47.815759
85 44 -51.823520
44 85 -51.823520
86 29 -43.579717
29 86 -43.579717
86 30 -44.525682
30 86 -44.525682
86 31 -46.799175
31 86 -46.799175
86 36 -51.838735
36 86 -51.838735
86 37 -52.265141
37 86 -52.265141
86 38 -43.434434
38 86 -43.434434
86 43 -53.073576
43 86 -53.073576
86 44 -44.240385
44 86 -44.240385
86 45 -43.786370
45 86 -43.786370
87 30 -51.956837
30 87 -51.956837
87 31 -54.661828
31 87 -54.661828
87 32 -53.072821
32 87 -53.072821
87 37 -47.083055
37 87 -47.083055
87 38 -54.557933
38 87 -54.557933
87 39 -51.894450
39 87 -51.894450
87 44 -45.988104
44 87 -45.988104
87 45 -44.898505
45 87 -44.898505
87 46 -45.336567
46 87 -45.336567
88 31 -43.083416
31 88 -43.083416
88 32 -54.810875
32 88 -54.810875
88 33 -50.493386
33 88 -50.493386
88 38 -49.340339
38 88 -49.340339
88 39 -51.626937
39 88 -51.626937
88 40 -42.702376
40 88 -42.702376
88 45 -52.800775
45 88 -52.800775
88 46 -47.875304
46 88 -47.875304
88 47 -53.527887
47 88 -53.527887
89 32 -47.470420
32 89 -47.470420
89 33 -51.778352
33 89 -51.778352
89 34 -45.659292
34 89 -45.659292
89 39 -44.064483
39 89 -44.064483
89 40 -42.639256
40 89 -42.639256
89 41 -40.815958
41 89 -40.815958
89 46 -44.364824
46 89 -44.364824
89 47 -53.533749
47 89 -53.533749
89 48 -53.054687
48 89 -53.054687
90 33 -41.510391
33 90 -41.510391
90 34 -46.895971
34 90 -46.895971
90 40 -47.404429
40 90 -47.404429
90 41 -44.217163
41 90 -44.217163
90 47 -45.394814
47 90 -45.394814
90 48 -48.914196
48 90 -48.914196
91 35 -51.743683
35 91 -51.743683
91 36 -42.007708
36 91 -42.007708
91 42 -54.624307
42 91 -54.624307
91 43 -44.387309
43 91 -44.387309
92 35 -50.714360
35 92 -50.714360
92 36 -51.283925
36 92 -51.283925
92 37 -54.962459
37 92 -54.962459
92 42 -54.850077
42 92 -54.850077
92 43 -47.757487
43 92 -47.757487
92 44 -52.302945
44 92 -52.302945
93 36 -44.612566
36 93 -44.612566
93 37 -42.465800
37 93 -42.465800
93 38 -50.078485
38 93 -50.078485
93 43 -40.556589
43 93 -40.556589
93 44 -41.479169
44 93 -41.479169
93 45 -53.455028
45 93 -53.455028
94 37 -48.646011
37 94 -48.646011
94 38 -48.206443
38 94 -48.206443
94 39 -40.374063
39 94 -40.374063
94 44 -41.199748
44 94 -41.199748
94 45 -53.078711
45 94 -53.078711
94 46 -46.912982
46 94 -46.912982
95 38 -47.848851
38 95 -47.848851
95 39 -45.483437
39 95 -45.483437
95 40 -51.596096
40 95 -51.596096
95 45 -52.447631
45 95 -52.447631
95 46 -53.945858
46 95 -53.945858
95 47 -43.693144
47 95 -43.693144
96 39 -52.917360
39 96 -52.917360
96 40 -44.734291
40 96 -44.734291
96 41 -51.021656
41 96 -51.021656
96 46 -50.113801
46 96 -50.113801
96 47 -51.810758
47 96 -51.810758
96 48 -48.781989
48 96 -48.781989
97 40 -53.951375
40 97 -53.951375
97 41 -51.984724
41 97 -51.984724
97 47 -44.022707
47 97 -44.022707
97 48 -41.843958
48 97 -41.843958
