100 0 -45.060089
0 100 -45.060089
100 1 -42.380950
1 100 -42.380950
100 2 -40.920826
2 100 -40.920826
100 10 -45.978075
10 100 -45.978075
100 11 -44.784463
11 100 -44.784463
100 20 -53.983444
20 100 -53.983444
101 0 -54.210910
0 101 -54.210910
101 1 -45.227592
1 101 -45.227592
101 2 -42.845907
2 101 -42.845907
101 3 -50.451005
3 101 -50.451005
101 10 -48.371353
10 101 -48.371353
101 11 -48.849009
11 101 -48.849009
101 12 -48.646982
12 101 -48.646982
101 21 -53.218499
21 101 -53.218499
102 0 -46.521693
0 102 -46.521693
102 1 -40.404956
1 102 -40.404956
102 2 -42.162402
2 102 -42.162402
102 3 -51.503909
3 102 -51.503909
102 4 -44.196844
4 102 -44.196844
102 11 -43.125336
11 102 -43.125336
102 12 -46.889473
12 102 -46.889473
102 13 -50.488516
13 102 -50.488516
102 22 -45.217160
22 102 -45.217160
103 1 -51.060581
1 103 -51.060581
103 2 -47.873461
2 103 -47.873461
103 3 -48.304973
3 103 -48.304973
103 4 -48.173158
4 103 -48.173158
103 5 -54.543110
5 103 -54.543110
103 12 -44.090139
12 103 -44.090139
103 13 -40.407388
13 103 -40.407388
103 14 -43.722353
14 103 -43.722353
103 23 -54.491294
23 103 -54.491294
104 2 -46.556322
2 104 -46.556322
104 3 -50.588783
3 104 -50.588783
104 4 -46.162578
4 104 -46.162578
104 5 -40.951442
5 104 -40.951442
104 6 -49.551082
6 104 -49.551082
104 13 -41.345335
13 104 -41.345335
104 14 -49.021251
14 104 -49.021251
104 15 -50.077756
15 104 -50.077756
104 24 -51.196111
24 104 -51.196111
105 3 -41.563004
3 105 -41.563004
105 4 -41.039424
4 105 -41.039424
105 5 -52.987129
5 105 -52.987129
105 6 -50.011755
6 105 -50.011755
105 7 -47.431480
7 105 -47.431480
105 14 -49.240384
14 105 -49.240384
105 15 -50.228819
15 105 -50.228819
105 16 -48.065864
16 105 -48.065864
105 25 -50.565620
25 105 -50.565620
106 4 -41.534469
4 106 -41.534469
106 5 -50.180965
5 106 -50.180965
106 6 -49.009315
6 106 -49.009315
106 7 -47.095076
7 106 -47.095076
106 8 -43.078879
8 106 -43.078879
106 15 -41.990720
15 106 -41.990720
106 16 -46.368618
16 106 -46.368618
106 17 -53.481840
17 106 -53.481840
106 26 -52.277610
26 106 -52.277610
107 5 -50.028590
5 107 -50.028590
107 6 -46.487255
6 107 -46.487255
107 7 -46.786702
7 107 -46.786702
107 8 -46.635080
8 107 -46.635080
107 9 -41.551405
9 107 -41.551405
107 16 -49.840892
16 107 -49.840892
107 17 -44.835867
17 107 -44.835867
107 18 -43.721656
18 107 -43.721656
107 27 -43.421873
27 107 -43.421873
108 6 -49.567712
6 108 -49.567712
108 7 -45.994554
7 108 -45.994554
108 8 -40.028313
8 108 -40.028313
108 9 -42.547830
9 108 -42.547830
108 17 -42.061206
17 108 -42.061206
108 18 -51.975785
18 108 -51.975785
108 19 -53.219620
19 108 -53.219620
108 28 -52.994701
28 108 -52.994701
109 7 -54.343659
7 109 -54.343659
109 8 -40.815664
8 109 -40.815664
109 9 -52.866434
9 109 -52.866434
109 18 -52.708379
18 109 -52.708379
109 19 -46.374530
19 109 -46.374530
109 29 -50.328433
29 109 -50.328433
110 0 -42.189240
0 110 -42.189240
110 1 -54.405143
1 110 -54.405143
110 10 -54.010261
10 110 -54.010261
110 11 -47.891474
11 110 -47.891474
110 12 -44.889775
12 110 -44.889775
110 20 -48.317145
20 110 -48.317145
110 21 -47.000711
21 110 -47.000711
110 30 -44.956062
30 110 -44.956062
111 0 -45.164686
0 111 -45.164686
111 1 -42.375341
1 111 -42.375341
111 2 -52.336415
2 111 -52.336415
111 10 -51.693216
10 111 -51.693216
111 11 -42.612638
11 111 -42.612638
111 12 -51.816767
12 111 -51.816767
111 13 -42.163114
13 111 -42.163114
111 20 -43.380878
20 111 -43.380878
111 21 -43.011270
21 111 -43.011270
111 22 -54.521572
22 111 -54.521572
111 31 -41.639297
31 111 -41.639297
112 1 -44.681929
1 112 -44.681929
112 2 -40.498300
2 112 -40.498300
112 3 -48.317538
3 112 -48.317538
112 10 -54.760614
10 112 -54.760614
112 11 -43.112771
11 112 -43.112771
112 12 -41.046000
12 112 -41.046000
112 13 -41.750935
13 112 -41.750935
112 14 -40.677038
14 112 -40.677038
112 21 -52.094551
21 112 -52.094551
112 22 -49.888373
22 112 -49.888373
112 23 -45.631963
23 112 -45.631963
112 32 -42.150330
32 112 -42.150330
113 2 -53.352601
2 113 -53.352601
113 3 -44.741774
3 113 -44.741774
113 4 -51.658390
4 113 -51.658390
113 11 -41.104186
11 113 -41.104186
113 12 -45.075637
12 113 -45.075637
113 13 -51.738050
13 113 -51.738050
113 14 -47.559589
14 113 -47.559589
113 15 -41.556360
15 113 -41.556360
113 22 -54.284709
22 113 -54.284709
113 23 -52.111475
23 113 -52.111475
113 24 -44.707712
24 113 -44.707712
113 33 -49.886124
33 113 -49.886124
114 3 -51.426518
3 114 -51.426518
114 4 -40.048272
4 114 -40.048272
114 5 -45.486480
5 114 -45.486480
114 12 -42.429426
12 114 -42.429426
114 13 -47.604403
13 114 -47.604403
114 14 -54.633354
14 114 -54.633354
114 15 -43.055538
15 114 -43.055538
114 16 -51.677750
16 114 -51.677750
114 23 -46.199804
23 114 -46.199804
114 24 -48.308969
24 114 -48.308969
114 25 -42.975775
25 114 -42.975775
114 34 -43.352633
34 114 -43.352633
115 4 -54.427884
4 115 -54.427884
115 5 -51.117096
5 115 -51.117096
115 6 -47.599166
6 115 -47.599166
115 13 -45.267389
13 115 -45.267389
115 14 -52.438496
14 115 -52.438496
115 15 -43.055140
15 115 -43.055140
115 16 -48.747852
16 115 -48.747852
115 17 -53.381829
17 115 -53.381829
115 24 -49.739978
24 115 -49.739978
115 25 -52.618622
25 115 -52.618622
115 26 -47.953697
26 115 -47.953697
115 35 -51.420540
35 115 -51.420540
116 5 -46.639257
5 116 -46.639257
116 6 -44.706163
6 116 -44.706163
116 7 -52.255454
7 116 -52.255454
116 14 -44.688988
14 116 -44.688988
116 15 -42.881099
15 116 -42.881099
116 16 -47.727080
16 116 -47.727080
116 17 -53.429142
17 116 -53.429142
116 18 -40.817622
18 116 -40.817622
116 25 -51.604608
25 116 -51.604608
116 26 -42.155261
26 116 -42.155261
116 27 -40.036838
27 116 -40.036838
116 36 -41.093391
36 116 -41.093391
117 6 -40.897350
6 117 -40.897350
117 7 -51.191330
7 117 -51.191330
117 8 -53.895286
8 117 -53.895286
117 15 -45.240890
15 117 -45.240890
117 16 -51.248856
16 117 -51.248856
117 17 -43.808863
17 117 -43.808863
117 18 -46.022957
18 117 -46.022957
117 19 -50.092346
19 117 -50.092346
117 26 -45.310322
26 117 -45.310322
117 27 -40.971705
27 117 -40.971705
117 28 -44.623118
28 117 -44.623118
117 37 -44.063188
37 117 -44.063188
118 7 -50.555915
7 118 -50.555915
118 8 -54.903436
8 118 -54.903436
118 9 -51.115617
9 118 -51.115617
118 16 -40.313856
16 118 -40.313856
118 17 -42.504317
17 118 -42.504317
118 18 -50.407022
18 118 -50.407022
118 19 -47.972832
19 118 -47.972832
118 27 -47.686521
27 118 -47.686521
118 28 -54.593251
28 118 -54.593251
118 29 -45.724127
29 118 -45.724127
118 38 -44.033452
38 118 -44.033452
119 8 -51.977155
8 119 -51.977155
119 9 -52.073562
9 119 -52.073562
119 17 -52.380909
17 119 -52.380909
119 18 -43.098564
18 119 -43.098564
119 19 -42.930055
19 119 -42.930055
119 28 -45.761028
28 119 -45.761028
119 29 -43.559578
29 119 -43.559578
119 39 -52.479393
39 119 -52.479393
120 0 -53.497400
0 120 -53.497400
120 10 -41.168547
10 120 -41.168547
120 11 -40.620993
11 120 -40.620993
120 20 -53.406771
20 120 -53.406771
120 21 -49.058956
21 120 -49.058956
120 22 -53.343559
22 120 -53.343559
120 30 -43.450329
30 120 -43.450329
120 31 -45.268350
31 120 -45.268350
120 40 -45.791452
40 120 -45.791452
121 1 -43.549613
1 121 -43.549613
121 10 -54.579103
10 121 -54.579103
121 11 -53.961315
11 121 -53.961315
121 12 -46.571055
12 121 -46.571055
121 20 -50.291508
20 121 -50.291508
121 21 -40.072779
21 121 -40.072779
121 22 -47.629301
22 121 -47.629301
121 23 -52.749940
23 121 -52.749940
121 30 -45.963275
30 121 -45.963275
121 31 -47.937967
31 121 -47.937967
121 32 -44.009910
32 121 -44.009910
121 41 -48.063912
41 121 -48.063912
122 2 -50.458850
2 122 -50.458850
122 11 -54.962252
11 122 -54.962252
122 12 -53.093655
12 122 -53.093655
122 13 -42.439527
13 122 -42.439527
122 20 -52.629573
20 122 -52.629573
122 21 -44.606321
21 122 -44.606321
122 22 -47.587302
22 122 -47.587302
122 23 -48.858329
23 122 -48.858329
122 24 -44.230051
24 122 -44.230051
122 31 -46.992015
31 122 -46.992015
122 32 -48.108085
32 122 -48.108085
122 33 -49.680046
33 122 -49.680046
122 42 -53.761547
42 122 -53.761547
123 3 -45.715713
3 123 -45.715713
123 12 -48.848289
12 123 -48.848289
123 13 -53.326320
13 123 -53.326320
123 14 -41.827428
14 123 -41.827428
123 21 -45.700906
21 123 -45.700906
123 22 -45.737423
22 123 -45.737423
123 23 -40.392661
23 123 -40.392661
123 24 -43.833657
24 123 -43.833657
123 25 -47.198203
25 123 -47.198203
123 32 -45.029083
32 123 -45.029083
123 33 -44.619312
33 123 -44.619312
123 34 -48.860992
34 123 -48.860992
123 43 -43.947000
43 123 -43.947000
124 4 -41.288604
4 124 -41.288604
124 13 -41.247473
13 124 -41.247473
124 14 -53.751128
14 124 -53.751128
124 15 -52.039280
15 124 -52.039280
124 22 -48.737427
22 124 -48.737427
124 23 -51.225846
23 124 -51.225846
124 24 -43.959533
24 124 -43.959533
124 25 -48.861466
25 124 -48.861466
124 26 -43.548522
26 124 -43.548522
124 33 -48.397396
33 124 -48.397396
124 34 -51.729764
34 124 -51.729764
124 35 -50.795793
35 124 -50.795793
124 44 -54.429350
44 124 -54.429350
125 5 -51.523959
5 125 -51.523959
125 14 -44.930223
14 125 -44.930223
125 15 -46.318433
15 125 -46.318433
125 16 -51.934733
16 125 -51.934733
125 23 -50.868769
23 125 -50.868769
125 24 -47.256462
24 125 -47.256462
125 25 -43.416478
25 125 -43.416478
125 26 -40.196372
26 125 -40.196372
125 27 -45.698913
27 125 -45.698913
125 34 -46.340770
34 125 -46.340770
125 35 -41.942536
35 125 -41.942536
125 36 -43.381887
36 125 -43.381887
125 45 -51.078877
45 125 -51.078877
126 6 -45.002379
6 126 -45.002379
126 15 -40.048523
15 126 -40.048523
126 16 -54.365650
16 126 -54.365650
126 17 -42.635256
17 126 -42.635256
126 24 -53.135792
24 126 -53.135792
126 25 -48.598313
25 126 -48.598313
126 26 -46.960719
26 126 -46.960719
126 27 -51.139439
27 126 -51.139439
126 28 -52.398385
28 126 -52.398385
126 35 -44.665502
35 126 -44.665502
126 36 -53.201579
36 126 -53.201579
126 37 -48.028060
37 126 -48.028060
126 46 -42.427074
46 126 -42.427074
127 7 -40.732048
7 127 -40.732048
127 16 -42.296136
16 127 -42.296136
127 17 -42.777873
17 127 -42.777873
127 18 -52.409073
18 127 -52.409073
127 25 -43.736758
25 127 -43.736758
127 26 -51.294740
26 127 -51.294740
127 27 -41.355401
27 127 -41.355401
127 28 -49.056730
28 127 -49.056730
127 29 -40.173769
29 127 -40.173769
127 36 -42.525042
36 127 -42.525042
127 37 -52.085114
37 127 -52.085114
127 38 -45.937520
38 127 -45.937520
127 47 -51.535576
47 127 -51.535576
128 8 -52.682066
8 128 -52.682066
128 17 -54.952130
17 128 -54.952130
128 18 -44.866996
18 128 -44.866996
128 19 -40.517722
19 128 -40.517722
128 26 -46.955305
26 128 -46.955305
128 27 -42.256625
27 128 -42.256625
128 28 -47.544770
28 128 -47.544770
128 29 -41.953254
29 128 -41.953254
128 37 -48.726923
37 128 -48.726923
128 38 -52.774284
38 128 -52.774284
128 39 -49.742505
39 128 -49.742505
128 48 -54.092602
48 128 -54.092602
129 9 -52.932110
9 129 -52.932110
129 18 -45.646632
18 129 -45.646632
129 19 -53.286334
19 129 -53.286334
129 27 -40.916310
27 129 -40.916310
129 28 -45.771854
28 129 -45.771854
129 29 -51.333887
29 129 -51.333887
129 38 -46.899389
38 129 -46.899389
129 39 -42.392791
39 129 -42.392791
129 49 -45.343186
49 129 -45.343186
130 10 -42.775515
10 130 -42.775515
130 20 -44.149228
20 130 -44.149228
130 21 -53.356381
21 130 -53.356381
130 30 -47.006131
30 130 -47.006131
130 31 -43.436280
31 130 -43.436280
130 32 -42.982981
32 130 -42.982981
130 40 -47.306390
40 130 -47.306390
130 41 -48.704112
41 130 -48.704112
130 50 -46.786902
50 130 -46.786902
131 11 -49.205395
11 131 -49.205395
131 20 -49.653753
20 131 -49.653753
131 21 -54.014211
21 131 -54.014211
131 22 -45.641999
22 131 -45.641999
131 30 -47.955269
30 131 -47.955269
131 31 -43.596868
31 131 -43.596868
131 32 -43.366100
32 131 -43.366100
131 33 -40.652438
33 131 -40.652438
131 40 -47.188002
40 131 -47.188002
131 41 -43.989595
41 131 -43.989595
131 42 -51.531548
42 131 -51.531548
131 51 -42.733493
51 131 -42.733493
132 12 -53.134936
12 132 -53.134936
132 21 -54.158534
21 132 -54.158534
132 22 -51.971247
22 132 -51.971247
132 23 -41.728032
23 132 -41.728032
132 30 -42.808541
30 132 -42.808541
132 31 -53.517520
31 132 -53.517520
132 32 -51.609109
32 132 -51.609109
132 33 -41.424222
33 132 -41.424222
132 34 -42.482112
34 132 -42.482112
132 41 -48.144048
41 132 -48.144048
132 42 -40.247361
42 132 -40.247361
132 43 -42.724432
43 132 -42.724432
132 52 -53.226155
52 132 -53.226155
133 13 -41.073982
13 133 -41.073982
133 22 -54.525782
22 133 -54.525782
133 23 -42.877983
23 133 -42.877983
133 24 -53.414758
24 133 -53.414758
133 31 -48.471697
31 133 -48.471697
133 32 -48.403437
32 133 -48.403437
133 33 -48.045460
33 133 -48.045460
133 34 -50.945656
34 133 -50.945656
133 35 -54.132430
35 133 -54.132430
133 42 -53.698451
42 133 -53.698451
133 43 -45.280086
43 133 -45.280086
133 44 -43.907954
44 133 -43.907954
133 53 -40.728717
53 133 -40.728717
134 14 -41.985786
14 134 -41.985786
134 23 -42.895873
23 134 -42.895873
134 24 -41.683825
24 134 -41.683825
134 25 -43.720490
25 134 -43.720490
134 32 -54.831974
32 134 -54.831974
134 33 -47.706104
33 134 -47.706104
134 34 -41.777650
34 134 -41.777650
134 35 -46.693063
35 134 -46.693063
134 36 -52.111155
36 134 -52.111155
134 43 -44.201744
43 134 -44.201744
134 44 -44.196639
44 134 -44.196639
134 45 -46.001033
45 134 -46.001033
134 54 -40.666961
54 134 -40.666961
135 15 -48.734061
15 135 -48.734061
135 24 -49.617308
24 135 -49.617308
135 25 -43.292820
25 135 -43.292820
135 26 -44.319974
26 135 -44.319974
135 33 -45.481635
33 135 -45.481635
135 34 -52.820747
34 135 -52.820747
135 35 -43.789798
35 135 -43.789798
135 36 -50.386368
36 135 -50.386368
135 37 -44.041007
37 135 -44.041007
135 44 -50.724871
44 135 -50.724871
135 45 -53.482348
45 135 -53.482348
135 46 -47.720751
46 135 -47.720751
135 55 -45.507292
55 135 -45.507292
136 16 -53.123564
16 136 -53.123564
136 25 -44.336532
25 136 -44.336532
136 26 -47.245821
26 136 -47.245821
136 27 -42.277706
27 136 -42.277706
136 34 -53.873674
34 136 -53.873674
136 35 -43.715555
35 136 -43.715555
136 36 -47.645796
36 136 -47.645796
136 37 -53.956425
37 136 -53.956425
136 38 -52.124854
38 136 -52.124854
136 45 -44.975139
45 136 -44.975139
136 46 -41.326378
46 136 -41.326378
136 47 -43.207146
47 136 -43.207146
136 56 -46.342956
56 136 -46.342956
137 17 -51.811647
17 137 -51.811647
137 26 -46.985163
26 137 -46.985163
137 27 -46.411758
27 137 -46.411758
137 28 -45.127725
28 137 -45.127725
137 35 -40.796957
35 137 -40.796957
137 36 -46.557595
36 137 -46.557595
137 37 -41.393473
37 137 -41.393473
137 38 -53.435020
38 137 -53.435020
137 39 -43.534018
39 137 -43.534018
137 46 -47.997672
46 137 -47.997672
137 47 -41.236370
47 137 -41.236370
137 48 -47.682321
48 137 -47.682321
137 57 -45.946053
57 137 -45.946053
138 18 -46.091529
18 138 -46.091529
138 27 -50.395495
27 138 -50.395495
138 28 -50.752068
28 138 -50.752068
138 29 -52.452555
29 138 -52.452555
138 36 -48.412703
36 138 -48.412703
138 37 -54.616923
37 138 -54.616923
138 38 -40.200209
38 138 -40.200209
138 39 -44.234840
39 138 -44.234840
138 47 -44.011104
47 138 -44.011104
138 48 -45.969188
48 138 -45.969188
138 49 -47.989086
49 138 -47.989086
138 58 -48.335114
58 138 -48.335114
139 19 -43.563481
19 139 -43.563481
139 28 -47.590810
28 139 -47.590810
139 29 -53.871645
29 139 -53.871645
139 37 -52.488678
37 139 -52.488678
139 38 -46.000834
38 139 -46.000834
139 39 -51.196921
39 139 -51.196921
139 48 -46.670313
48 139 -46.670313
139 49 -49.947780
49 139 -49.947780
139 59 -43.041381
59 139 -43.041381
140 20 -47.676588
20 140 -47.676588
140 30 -47.787555
30 140 -47.787555
140 31 -44.067112
31 140 -44.067112
140 40 -54.629338
40 140 -54.629338
140 41 -42.527688
41 140 -42.527688
140 42 -51.346087
42 140 -51.346087
140 50 -41.843815
50 140 -41.843815
140 51 -49.990862
51 140 -49.990862
140 60 -54.904555
60 140 -54.904555
141 21 -48.790199
21 141 -48.790199
141 30 -45.288655
30 141 -45.288655
141 31 -45.171936
31 141 -45.171936
141 32 -49.361970
32 141 -49.361970
141 40 -49.995874
40 141 -49.995874
141 41 -50.821437
41 141 -50.821437
141 42 -43.225743
42 141 -43.225743
141 43 -44.133531
43 141 -44.133531
141 50 -54.062097
50 141 -54.062097
141 51 -41.994668
51 141 -41.994668
141 52 -48.434362
52 141 -48.434362
141 61 -45.592856
61 141 -45.592856
142 22 -49.596959
22 142 -49.596959
142 31 -48.087693
31 142 -48.087693
142 32 -40.488122
32 142 -40.488122
142 33 -47.532065
33 142 -47.532065
142 40 -43.099632
40 142 -43.099632
142 41 -45.866946
41 142 -45.866946
142 42 -52.269171
42 142 -52.269171
142 43 -54.882404
43 142 -54.882404
142 44 -42.923015
44 142 -42.923015
142 51 -47.844970
51 142 -47.844970
142 52 -54.292470
52 142 -54.292470
142 53 -48.920925
53 142 -48.920925
142 62 -54.485121
62 142 -54.485121
143 23 -48.745466
23 143 -48.745466
143 32 -49.008028
32 143 -49.008028
143 33 -48.943428
33 143 -48.943428
143 34 -53.244806
34 143 -53.244806
143 41 -48.863231
41 143 -48.863231
143 42 -40.381364
42 143 -40.381364
143 43 -41.404374
43 143 -41.404374
143 44 -53.928833
44 143 -53.928833
143 45 -48.143879
45 143 -48.143879
143 52 -52.190339
52 143 -52.190339
143 53 -45.756297
53 143 -45.756297
143 54 -43.062404
54 143 -43.062404
143 63 -53.291289
63 143 -53.291289
144 24 -51.264861
24 144 -51.264861
144 33 -44.176338
33 144 -44.176338
144 34 -45.561665
34 144 -45.561665
144 35 -52.856416
35 144 -52.856416
144 42 -53.007797
42 144 -53.007797
144 43 -43.552043
43 144 -43.552043
144 44 -41.027953
44 144 -41.027953
144 45 -46.098975
45 144 -46.098975
144 46 -42.709970
46 144 -42.709970
144 53 -42.866429
53 144 -42.866429
144 54 -48.150112
54 144 -48.150112
144 55 -53.707959
55 144 -53.707959
144 64 -45.084383
64 144 -45.084383
145 25 -43.024741
25 145 -43.024741
145 34 -42.448308
34 145 -42.448308
145 35 -54.651783
35 145 -54.651783
145 36 -41.623666
36 145 -41.623666
145 43 -53.775896
43 145 -53.775896
145 44 -48.200205
44 145 -48.200205
145 45 -44.055061
45 145 -44.055061
145 46 -44.715808
46 145 -44.715808
145 47 -43.342770
47 145 -43.342770
145 54 -54.087980
54 145 -54.087980
145 55 -50.450211
55 145 -50.450211
145 56 -40.847526
56 145 -40.847526
145 65 -45.929513
65 145 -45.929513
146 26 -40.875407
26 146 -40.875407
146 35 -42.025085
35 146 -42.025085
146 36 -45.247729
36 146 -45.247729
146 37 -45.388512
37 146 -45.388512
146 44 -48.296049
44 146 -48.296049
146 45 -45.350821
45 146 -45.350821
146 46 -41.429110
46 146 -41.429110
146 47 -44.608313
47 146 -44.608313
146 48 -48.108023
48 146 -48.108023
146 55 -52.973090
55 146 -52.973090
146 56 -43.510782
56 146 -43.510782
146 57 -42.175901
57 146 -42.175901
146 66 -51.730148
66 146 -51.730148
147 27 -42.279009
27 147 -42.279009
147 36 -40.413470
36 147 -40.413470
147 37 -43.597119
37 147 -43.597119
147 38 -43.733128
38 147 -43.733128
147 45 -54.325146
45 147 -54.325146
147 46 -48.092502
46 147 -48.092502
147 47 -49.887583
47 147 -49.887583
147 48 -45.724639
48 147 -45.724639
147 49 -52.757985
49 147 -52.757985
147 56 -52.735236
56 147 -52.735236
147 57 -43.038620
57 147 -43.038620
147 58 -46.685272
58 147 -46.685272
147 67 -41.793347
67 147 -41.793347
148 28 -42.314432
28 148 -42.314432
148 37 -47.027017
37 148 -47.027017
148 38 -47.267032
38 148 -47.267032
148 39 -45.689581
39 148 -45.689581
148 46 -47.550536
46 148 -47.550536
148 47 -49.067898
47 148 -49.067898
148 48 -49.020911
48 148 -49.020911
148 49 -40.316299
49 148 -40.316299
148 57 -50.625209
57 148 -50.625209
148 58 -45.898825
58 148 -45.898825
148 59 -53.279348
59 148 -53.279348
148 68 -41.621069
68 148 -41.621069
149 29 -43.884411
29 149 -43.884411
149 38 -41.850012
38 149 -41.850012
149 39 -50.314008
39 149 -50.314008
149 47 -42.582860
47 149 -42.582860
149 48 -51.585337
48 149 -51.585337
149 49 -52.003026
49 149 -52.003026
149 58 -40.667520
58 149 -40.667520
149 59 -45.237488
59 149 -45.237488
149 69 -42.789154
69 149 -42.789154
150 30 -54.396616
30 150 -54.396616
150 40 -47.270124
40 150 -47.270124
150 41 -53.174883
41 150 -53.174883
150 50 -44.999253
50 150 -44.999253
150 51 -51.265480
51 150 -51.265480
150 52 -48.979184
52 150 -48.979184
150 60 -54.113978
60 150 -54.113978
150 61 -52.863447
61 150 -52.863447
150 70 -53.090386
70 150 -53.090386
151 31 -45.394532
31 151 -45.394532
151 40 -40.830861
40 151 -40.830861
151 41 -40.160421
41 151 -40.160421
151 42 -45.708981
42 151 -45.708981
151 50 -46.518330
50 151 -46.518330
151 51 -45.536693
51 151 -45.536693
151 52 -47.632684
52 151 -47.632684
151 53 -45.246711
53 151 -45.246711
151 60 -53.065880
60 151 -53.065880
151 61 -45.912418
61 151 -45.912418
151 62 -52.485147
62 151 -52.485147
151 71 -45.373682
71 151 -45.373682
152 32 -45.036346
32 152 -45.036346
152 41 -43.395140
41 152 -43.395140
152 42 -43.662314
42 152 -43.662314
152 43 -44.428479
43 152 -44.428479
152 50 -46.441686
50 152 -46.441686
152 51 -43.723177
51 152 -43.723177
152 52 -50.345840
52 152 -50.345840
152 53 -51.181122
53 152 -51.181122
152 54 -45.427068
54 152 -45.427068
152 61 -45.117499
61 152 -45.117499
152 62 -48.949758
62 152 -48.949758
152 63 -50.597680
63 152 -50.597680
152 72 -52.191234
72 152 -52.191234
153 33 -48.622656
33 153 -48.622656
153 42 -45.954711
42 153 -45.954711
153 43 -42.016855
43 153 -42.016855
153 44 -52.271974
44 153 -52.271974
153 51 -54.536549
51 153 -54.536549
153 52 -54.266872
52 153 -54.266872
153 53 -43.438604
53 153 -43.438604
153 54 -54.699449
54 153 -54.699449
153 55 -48.614689
55 153 -48.614689
153 62 -51.028933
62 153 -51.028933
153 63 -48.251511
63 153 -48.251511
153 64 -49.786610
64 153 -49.786610
153 73 -47.083754
73 153 -47.083754
154 34 -45.286131
34 154 -45.286131
154 43 -48.796623
43 154 -48.796623
154 44 -52.571255
44 154 -52.571255
154 45 -54.295353
45 154 -54.295353
154 52 -51.541153
52 154 -51.541153
154 53 -53.960078
53 154 -53.960078
154 54 -53.238254
54 154 -53.238254
154 55 -49.172909
55 154 -49.172909
154 56 -48.931852
56 154 -48.931852
154 63 -51.767110
63 154 -51.767110
154 64 -51.067668
64 154 -51.067668
154 65 -40.507651
65 154 -40.507651
154 74 -41.373518
74 154 -41.373518
155 35 -53.602918
35 155 -53.602918
155 44 -45.057401
44 155 -45.057401
155 45 -49.280096
45 155 -49.280096
155 46 -49.642741
46 155 -49.642741
155 53 -47.908937
53 155 -47.908937
155 54 -43.780632
54 155 -43.780632
155 55 -47.083127
55 155 -47.083127
155 56 -52.620027
56 155 -52.620027
155 57 -53.722557
57 155 -53.722557
155 64 -47.707659
64 155 -47.707659
155 65 -52.228513
65 155 -52.228513
155 66 -51.365974
66 155 -51.365974
155 75 -45.251387
75 155 -45.251387
156 36 -43.846867
36 156 -43.846867
156 45 -48.870658
45 156 -48.870658
156 46 -44.076160
46 156 -44.076160
156 47 -51.194328
47 156 -51.194328
156 54 -44.667469
54 156 -44.667469
156 55 -42.806366
55 156 -42.806366
156 56 -48.627565
56 156 -48.627565
156 57 -45.422237
57 156 -45.422237
156 58 -53.274099
58 156 -53.274099
156 65 -44.474530
65 156 -44.474530
156 66 -46.745447
66 156 -46.745447
156 67 -54.299445
67 156 -54.299445
156 76 -49.568500
76 156 -49.568500
157 37 -40.769120
37 157 -40.769120
157 46 -49.477177
46 157 -49.477177
157 47 -47.058157
47 157 -47.058157
157 48 -45.935235
48 157 -45.935235
157 55 -41.015775
55 157 -41.015775
157 56 -45.488540
56 157 -45.488540
157 57 -53.300567
57 157 -53.300567
157 58 -41.974015
58 157 -41.974015
157 59 -50.569580
59 157 -50.569580
157 66 -44.947829
66 157 -44.947829
157 67 -46.544957
67 157 -46.544957
157 68 -47.363826
68 157 -47.363826
157 77 -47.304247
77 157 -47.304247
158 38 -43.033001
38 158 -43.033001
158 47 -40.053197
47 158 -40.053197
158 48 -43.444594
48 158 -43.444594
158 49 -43.044613
49 158 -43.044613
158 56 -45.598029
56 158 -45.598029
158 57 -46.064626
57 158 -46.064626
158 58 -45.250607
58 158 -45.250607
158 59 -54.603677
59 158 -54.603677
158 67 -53.546372
67 158 -53.546372
158 68 -40.169212
68 158 -40.169212
158 69 -45.477301
69 158 -45.477301
158 78 -42.713713
78 158 -42.713713
159 39 -50.231113
39 159 -50.231113
159 48 -41.477950
48 159 -41.477950
159 49 -44.850399
49 159 -44.850399
159 57 -44.202254
57 159 -44.202254
159 58 -43.467874
58 159 -43.467874
159 59 -43.873588
59 159 -43.873588
159 68 -45.502398
68 159 -45.502398
159 69 -44.101687
69 159 -44.101687
159 79 -50.713969
79 159 -50.713969
160 40 -46.603675
40 160 -46.603675
160 50 -52.214797
50 160 -52.214797
160 51 -45.776802
51 160 -45.776802
160 60 -44.183365
60 160 -44.183365
160 61 -43.547603
61 160 -43.547603
160 62 -41.633801
62 160 -41.633801
160 70 -50.488157
70 160 -50.488157
160 71 -47.814722
71 160 -47.814722
160 80 -43.182486
80 160 -43.182486
161 41 -52.325656
41 161 -52.325656
161 50 -40.357412
50 161 -40.357412
161 51 -52.597265
51 161 -52.597265
161 52 -43.153381
52 161 -43.153381
161 60 -42.334451
60 161 -42.334451
161 61 -43.469771
61 161 -43.469771
161 62 -40.057328
62 161 -40.057328
161 63 -53.377626
63 161 -53.377626
161 70 -44.034127
70 161 -44.034127
161 71 -47.442935
71 161 -47.442935
161 72 -52.569038
72 161 -52.569038
161 81 -47.109615
81 161 -47.109615
162 42 -51.233173
42 162 -51.233173
162 51 -51.329151
51 162 -51.329151
162 52 -54.625732
52 162 -54.625732
162 53 -45.293354
53 162 -45.293354
162 60 -42.098650
60 162 -42.098650
162 61 -42.096973
61 162 -42.096973
162 62 -53.781525
62 162 -53.781525
162 63 -53.457764
63 162 -53.457764
162 64 -51.767764
64 162 -51.767764
162 71 -47.499074
71 162 -47.499074
162 72 -43.245957
72 162 -43.245957
162 73 -52.215613
73 162 -52.215613
162 82 -47.270399
82 162 -47.270399
163 43 -48.735306
43 163 -48.735306
163 52 -45.036687
52 163 -45.036687
163 53 -53.119328
53 163 -53.119328
163 54 -42.549361
54 163 -42.549361
163 61 -51.219725
61 163 -51.219725
163 62 -42.572455
62 163 -42.572455
163 63 -52.651624
63 163 -52.651624
163 64 -52.385265
64 163 -52.385265
163 65 -48.477018
65 163 -48.477018
163 72 -43.818709
72 163 -43.818709
163 73 -54.603569
73 163 -54.603569
163 74 -51.829901
74 163 -51.829901
163 83 -44.880523
83 163 -44.880523
164 44 -54.777246
44 164 -54.777246
164 53 -52.437324
53 164 -52.437324
164 54 -54.512505
54 164 -54.512505
164 55 -50.743583
55 164 -50.743583
164 62 -45.078301
62 164 -45.078301
164 63 -41.461801
63 164 -41.461801
164 64 -46.474748
64 164 -46.474748
164 65 -54.679595
65 164 -54.679595
164 66 -49.021639
66 164 -49.021639
164 73 -51.460605
73 164 -51.460605
164 74 -42.267533
74 164 -42.267533
164 75 -47.522081
75 164 -47.522081
164 84 -45.095688
84 164 -45.095688
165 45 -48.092502
45 165 -48.092502
165 54 -51.060582
54 165 -51.060582
165 55 -43.682754
55 165 -43.682754
165 56 -53.594045
56 165 -53.594045
165 63 -44.271815
63 165 -44.271815
165 64 -45.541823
64 165 -45.541823
165 65 -52.484933
65 165 -52.484933
165 66 -43.046273
66 165 -43.046273
165 67 -42.314446
67 165 -42.314446
165 74 -40.479654
74 165 -40.479654
165 75 -50.341258
75 165 -50.341258
165 76 -43.217853
76 165 -43.217853
165 85 -51.520352
85 165 -51.520352
166 46 -50.084863
46 166 -50.084863
166 55 -46.696051
55 166 -46.696051
166 56 -51.187909
56 166 -51.187909
166 57 -51.361212
57 166 -51.361212
166 64 -42.824309
64 166 -42.824309
166 65 -54.086709
65 166 -54.086709
166 66 -42.268157
66 166 -42.268157
166 67 -42.874877
67 166 -42.874877
166 68 -45.680699
68 166 -45.680699
166 75 -51.200650
75 166 -51.200650
166 76 -51.256234
76 166 -51.256234
166 77 -51.662287
77 166 -51.662287
166 86 -51.630963
86 166 -51.630963
167 47 -54.881731
47 167 -54.881731
167 56 -52.878101
56 167 -52.878101
167 57 -40.776306
57 167 -40.776306
167 58 -48.754517
58 167 -48.754517
167 65 -43.555029
65 167 -43.555029
167 66 -46.555968
66 167 -46.555968
167 67 -42.169901
67 167 -42.169901
167 68 -42.070055
68 167 -42.070055
167 69 -52.078289
69 167 -52.078289
167 76 -43.721749
76 167 -43.721749
167 77 -46.146749
77 167 -46.146749
167 78 -52.695629
78 167 -52.695629
167 87 -42.765572
87 167 -42.765572
168 48 -45.541410
48 168 -45.541410
168 57 -53.647495
57 168 -53.647495
168 58 -48.119119
58 168 -48.119119
168 59 -47.871460
59 168 -47.871460
168 66 -40.475288
66 168 -40.475288
168 67 -46.923069
67 168 -46.923069
168 68 -44.011715
68 168 -44.011715
168 69 -53.315403
69 168 -53.315403
168 77 -52.388986
77 168 -52.388986
168 78 -42.828614
78 168 -42.828614
168 79 -50.665134
79 168 -50.665134
168 88 -53.784821
88 168 -53.784821
169 49 -41.978117
49 169 -41.978117
169 58 -47.461881
58 169 -47.461881
169 59 -42.979167
59 169 -42.979167
169 67 -51.102905
67 169 -51.102905
169 68 -48.602326
68 169 -48.602326
169 69 -54.049447
69 169 -54.049447
169 78 -44.876519
78 169 -44.876519
169 79 -49.617944
79 169 -49.617944
169 89 -45.482039
89 169 -45.482039
170 50 -50.657174
50 170 -50.657174
170 60 -44.343120
60 170 -44.343120
170 61 -45.985649
61 170 -45.985649
170 70 -51.214824
70 170 -51.214824
170 71 -44.638292
71 170 -44.638292
170 72 -54.899985
72 170 -54.899985
170 80 -47.439327
80 170 -47.439327
170 81 -45.817304
81 170 -45.817304
170 90 -40.708752
90 170 -40.708752
171 51 -40.026076
51 171 -40.026076
171 60 -42.594097
60 171 -42.594097
171 61 -52.830512
61 171 -52.830512
171 62 -53.873080
62 171 -53.873080
171 70 -45.041031
70 171 -45.041031
171 71 -43.452758
71 171 -43.452758
171 72 -42.349211
72 171 -42.349211
171 73 -54.446343
73 171 -54.446343
171 80 -49.752658
80 171 -49.752658
171 81 -49.068633
81 171 -49.068633
171 82 -43.195806
82 171 -43.195806
171 91 -46.244623
91 171 -46.244623
172 52 -44.178652
52 172 -44.178652
172 61 -47.255866
61 172 -47.255866
172 62 -42.740430
62 172 -42.740430
172 63 -45.658807
63 172 -45.658807
172 70 -46.616702
70 172 -46.616702
172 71 -41.571448
71 172 -41.571448
172 72 -41.110976
72 172 -41.110976
172 73 -45.145847
73 172 -45.145847
172 74 -53.610820
74 172 -53.610820
172 81 -49.138625
81 172 -49.138625
172 82 -49.259860
82 172 -49.259860
172 83 -49.172352
83 172 -49.172352
172 92 -52.162392
92 172 -52.162392
173 53 -43.228055
53 173 -43.228055
173 62 -47.347367
62 173 -47.347367
173 63 -47.413163
63 173 -47.413163
173 64 -52.103192
64 173 -52.103192
173 71 -40.077044
71 173 -40.077044
173 72 -49.506051
72 173 -49.506051
173 73 -50.748679
73 173 -50.748679
173 74 -52.810672
74 173 -52.810672
173 75 -44.308321
75 173 -44.308321
173 82 -51.492479
82 173 -51.492479
173 83 -42.976625
83 173 -42.976625
173 84 -46.059056
84 173 -46.059056
173 93 -49.260053
93 173 -49.260053
174 54 -52.839326
54 174 -52.839326
174 63 -50.486147
63 174 -50.486147
174 64 -43.155126
64 174 -43.155126
174 65 -52.383089
65 174 -52.383089
174 72 -46.335708
72 174 -46.335708
174 73 -50.733004
73 174 -50.733004
174 74 -54.299722
74 174 -54.299722
174 75 -47.844654
75 174 -47.844654
174 76 -40.521305
76 174 -40.521305
174 83 -53.474105
83 174 -53.474105
174 84 -41.276489
84 174 -41.276489
174 85 -52.477564
85 174 -52.477564
174 94 -49.356460
94 174 -49.356460
175 55 -47.648167
55 175 -47.648167
175 64 -52.703468
64 175 -52.703468
175 65 -52.143206
65 175 -52.143206
175 66 -53.408449
66 175 -53.408449
175 73 -49.572327
73 175 -49.572327
175 74 -43.802810
74 175 -43.802810
175 75 -42.892910
75 175 -42.892910
175 76 -43.917618
76 175 -43.917618
175 77 -45.607167
77 175 -45.607167
175 84 -46.224210
84 175 -46.224210
175 85 -52.737504
85 175 -52.737504
175 86 -41.877868
86 175 -41.877868
175 95 -41.038372
95 175 -41.038372
176 56 -41.126793
56 176 -41.126793
176 65 -43.342150
65 176 -43.342150
176 66 -49.584685
66 176 -49.584685
176 67 -43.448253
67 176 -43.448253
176 74 -45.651938
74 176 -45.651938
176 75 -42.911021
75 176 -42.911021
176 76 -43.073898
76 176 -43.073898
176 77 -54.738491
77 176 -54.738491
176 78 -48.478601
78 176 -48.478601
176 85 -40.113315
85 176 -40.113315
176 86 -48.694993
86 176 -48.694993
176 87 -47.007813
87 176 -47.007813
176 96 -53.397475
96 176 -53.397475
177 57 -52.932567
57 177 -52.932567
177 66 -40.791045
66 177 -40.791045
177 67 -40.812260
67 177 -40.812260
177 68 -52.422979
68 177 -52.422979
177 75 -54.758738
75 177 -54.758738
177 76 -49.003423
76 177 -49.003423
177 77 -49.716017
77 177 -49.716017
177 78 -44.521908
78 177 -44.521908
177 79 -45.830728
79 177 -45.830728
177 86 -42.195224
86 177 -42.195224
177 87 -50.621190
87 177 -50.621190
177 88 -49.604095
88 177 -49.604095
177 97 -48.044030
97 177 -48.044030
178 58 -49.993101
58 178 -49.993101
178 67 -52.136707
67 178 -52.136707
178 68 -53.765124
68 178 -53.765124
178 69 -43.418278
69 178 -43.418278
178 76 -46.398226
76 178 -46.398226
178 77 -54.944893
77 178 -54.944893
178 78 -44.305775
78 178 -44.305775
178 79 -45.019558
79 178 -45.019558
178 87 -53.578016
87 178 -53.578016
178 88 -43.004905
88 178 -43.004905
178 89 -49.731168
89 178 -49.731168
178 98 -53.003788
98 178 -53.003788
179 59 -43.505498
59 179 -43.505498
179 68 -52.419025
68 179 -52.419025
179 69 -46.892618
69 179 -46.892618
179 77 -49.667806
77 179 -49.667806
179 78 -42.160269
78 179 -42.160269
179 79 -41.361498
79 179 -41.361498
179 88 -47.763531
88 179 -47.763531
179 89 -47.336558
89 179 -47.336558
179 99 -54.368362
99 179 -54.368362
180 60 -54.551375
60 180 -54.551375
180 70 -51.745347
70 180 -51.745347
180 71 -51.162834
71 180 -51.162834
180 80 -46.109237
80 180 -46.109237
180 81 -52.266808
81 180 -52.266808
180 82 -53.633228
82 180 -53.633228
180 90 -51.955178
90 180 -51.955178
180 91 -40.211519
91 180 -40.211519
181 61 -47.448385
61 181 -47.448385
181 70 -48.407088
70 181 -48.407088
181 71 -45.221104
71 181 -45.221104
181 72 -51.260668
72 181 -51.260668
181 80 -40.489693
80 181 -40.489693
181 81 -40.916491
81 181 -40.916491
181 82 -43.484917
82 181 -43.484917
181 83 -54.112785
83 181 -54.112785
181 90 -43.976763
90 181 -43.976763
181 91 -46.929317
91 181 -46.929317
181 92 -52.159815
92 181 -52.159815
182 62 -53.540988
62 182 -53.540988
182 71 -40.516234
71 182 -40.516234
182 72 -49.737537
72 182 -49.737537
182 73 -48.117363
73 182 -48.117363
182 80 -41.733043
80 182 -41.733043
182 81 -48.365056
81 182 -48.365056
182 82 -42.900030
82 182 -42.900030
182 83 -41.711666
83 182 -41.711666
182 84 -43.466573
84 182 -43.466573
182 91 -41.430196
91 182 -41.430196
182 92 -52.993670
92 182 -52.993670
182 93 -40.168694
93 182 -40.168694
183 63 -53.351297
63 183 -53.351297
183 72 -50.130805
72 183 -50.130805
183 73 -51.527190
73 183 -51.527190
183 74 -52.293721
74 183 -52.293721
183 81 -46.935767
81 183 -46.935767
183 82 -41.033511
82 183 -41.033511
183 83 -43.840507
83 183 -43.840507
183 84 -40.794222
84 183 -40.794222
183 85 -51.766578
85 183 -51.766578
183 92 -42.110227
92 183 -42.110227
183 93 -44.317223
93 183 -44.317223
183 94 -45.734880
94 183 -45.734880
184 64 -42.650778
64 184 -42.650778
184 73 -40.353455
73 184 -40.353455
184 74 -45.450420
74 184 -45.450420
184 75 -44.505651
75 184 -44.505651
184 82 -48.799836
82 184 -48.799836
184 83 -50.815943
83 184 -50.815943
184 84 -49.636245
84 184 -49.636245
184 85 -54.135167
85 184 -54.135167
184 86 -41.672434
86 184 -41.672434
184 93 -54.753957
93 184 -54.753957
184 94 -50.210813
94 184 -50.210813
184 95 -48.345450
95 184 -48.345450
185 65 -50.554617
65 185 -50.554617
185 74 -50.642997
74 185 -50.642997
185 75 -47.931837
75 185 -47.931837
185 76 -46.527221
76 185 -46.527221
185 83 -40.875303
83 185 -40.875303
185 84 -41.509792
84 185 -41.509792
185 85 -54.963344
85 185 -54.963344
185 86 -43.936604
86 185 -43.936604
185 87 -51.227717
87 185 -51.227717
185 94 -45.787123
94 185 -45.787123
185 95 -50.071086
95 185 -50.071086
185 96 -41.725308
96 185 -41.725308
186 66 -40.050374
66 186 -40.050374
186 75 -41.967758
75 186 -41.967758
186 76 -40.637707
76 186 -40.637707
186 77 -46.487200
77 186 -46.487200
186 84 -50.100972
84 186 -50.100972
186 85 -41.557412
85 186 -41.557412
186 86 -44.034493
86 186 -44.034493
186 87 -42.303251
87 186 -42.303251
186 88 -45.570231
88 186 -45.570231
186 95 -45.019280
95 186 -45.019280
186 96 -42.794293
96 186 -42.794293
186 97 -50.198879
97 186 -50.198879
187 67 -40.413084
67 187 -40.413084
187 76 -49.290274
76 187 -49.290274
187 77 -40.982101
77 187 -40.982101
187 78 -43.900810
78 187 -43.900810
187 85 -52.581193
85 187 -52.581193
187 86 -43.958424
86 187 -43.958424
187 87 -51.364892
87 187 -51.364892
187 88 -48.963559
88 187 -48.963559
187 89 -47.493843
89 187 -47.493843
187 96 -46.660610
96 187 -46.660610
187 97 -42.049117
97 187 -42.049117
187 98 -47.165408
98 187 -47.165408
188 68 -44.530898
68 188 -44.530898
188 77 -50.077529
77 188 -50.077529
188 78 -54.480706
78 188 -54.480706
188 79 -45.311540
79 188 -45.311540
188 86 -46.945543
86 188 -46.945543
188 87 -46.098032
87 188 -46.098032
188 88 -42.846206
88 188 -42.846206
188 89 -46.418534
89 188 -46.418534
188 97 -43.923022
97 188 -43.923022
188 98 -40.066817
98 188 -40.066817
188 99 -44.744721
99 188 -44.744721
189 69 -47.826747
69 189 -47.826747
189 78 -48.347053
78 189 -48.347053
189 79 -46.889229
79 189 -46.889229
189 87 -50.888539
87 189 -50.888539
189 88 -40.384977
88 189 -40.384977
189 89 -51.982817
89 189 -51.982817
189 98 -49.642889
98 189 -49.642889
189 99 -42.782173
99 189 -42.782173
190 70 -41.927300
70 190 -41.927300
190 80 -41.448036
80 190 -41.448036
190 81 -50.291500
81 190 -50.291500
190 90 -51.558466
90 190 -51.558466
190 91 -41.140748
91 190 -41.140748
190 92 -50.062477
92 190 -50.062477
191 71 -40.178858
71 191 -40.178858
191 80 -52.439264
80 191 -52.439264
191 81 -51.760252
81 191 -51.760252
191 82 -42.513051
82 191 -42.513051
191 90 -41.395081
90 191 -41.395081
191 91 -46.503561
91 191 -46.503561
191 92 -50.581808
92 191 -50.581808
191 93 -47.638811
93 191 -47.638811
192 72 -47.225714
72 192 -47.225714
192 81 -44.151298
81 192 -44.151298
192 82 -51.362241
82 192 -51.362241
192 83 -46.588510
83 192 -46.588510
192 90 -40.963738
90 192 -40.963738
192 91 -52.605936
91 192 -52.605936
192 92 -48.449121
92 192 -48.449121
192 93 -45.572827
93 192 -45.572827
192 94 -41.653946
94 192 -41.653946
193 73 -41.173814
73 193 -41.173814
193 82 -50.526757
82 193 -50.526757
193 83 -53.083814
83 193 -53.083814
193 84 -42.504866
84 193 -42.504866
193 91 -46.784174
91 193 -46.784174
193 92 -50.039954
92 193 -50.039954
193 93 -41.876008
93 193 -41.876008
193 94 -47.630474
94 193 -47.630474
193 95 -44.289584
95 193 -44.289584
194 74 -49.771458
74 194 -49.771458
194 83 -52.928118
83 194 -52.928118
194 84 -40.741205
84 194 -40.741205
194 85 -41.643336
85 194 -41.643336
194 92 -42.421459
92 194 -42.421459
194 93 -42.716816
93 194 -42.716816
194 94 -51.001387
94 194 -51.001387
194 95 -54.396801
95 194 -54.396801
194 96 -49.753239
96 194 -49.753239
195 75 -49.192265
75 195 -49.192265
195 84 -53.355117
84 195 -53.355117
195 85 -46.686839
85 195 -46.686839
195 86 -52.134265
86 195 -52.134265
195 93 -53.824229
93 195 -53.824229
195 94 -49.885502
94 195 -49.885502
195 95 -49.995711
95 195 -49.995711
195 96 -42.015928
96 195 -42.015928
195 97 -53.544151
97 195 -53.544151
196 76 -43.605313
76 196 -43.605313
196 85 -46.808799
85 196 -46.808799
196 86 -49.947083
86 196 -49.947083
196 87 -42.586378
87 196 -42.586378
196 94 -43.214227
94 196 -43.214227
196 95 -51.003763
95 196 -51.003763
196 96 -50.574980
96 196 -50.574980
196 97 -42.954574
97 196 -42.954574
196 98 -52.381333
98 196 -52.381333
197 77 -42.521670
77 197 -42.521670
197 86 -43.925135
86 197 -43.925135
197 87 -47.071880
87 197 -47.071880
197 88 -40.756745
88 197 -40.756745
197 95 -43.598899
95 197 -43.598899
197 96 -40.613147
96 197 -40.613147
197 97 -54.756332
97 197 -54.756332
197 98 -40.454017
98 197 -40.454017
197 99 -44.905571
99 197 -44.905571
198 78 -54.452920
78 198 -54.452920
198 87 -54.347181
87 198 -54.347181
198 88 -46.064918
88 198 -46.064918
198 89 -53.963101
89 198 -53.963101
198 96 -42.861335
96 198 -42.861335
198 97 -41.238199
97 198 -41.238199
198 98 -49.979932
98 198 -49.979932
198 99 -46.335335
99 198 -46.335335
199 79 -48.012741
79 199 -48.012741
199 88 -51.220074
88 199 -51.220074
199 89 -45.831243
89 199 -45.831243
199 97 -44.482937
97 199 -44.482937
199 98 -52.887803
98 199 -52.887803
199 99 -44.891405
99 199 -44.891405
