9 0 -47.140147
0 9 -47.140147
9 1 -40.629884
1 9 -40.629884
9 3 -41.700011
3 9 -41.700011
10 0 -49.138412
0 10 -49.138412
10 1 -40.492275
1 10 -40.492275
10 2 -54.824741
2 10 -54.824741
10 4 -42.192395
4 10 -42.192395
11 1 -53.764403
1 11 -53.764403
11 2 -48.103232
2 11 -48.103232
11 5 -46.294853
5 11 -46.294853
12 0 -45.281635
0 12 -45.281635
12 3 -43.485581
3 12 -43.485581
12 4 -47.390723
4 12 -47.390723
12 6 -47.056938
6 12 -47.056938
13 1 -46.964785
1 13 -46.964785
13 3 -49.550945
3 13 -49.550945
13 4 -54.821164
4 13 -54.821164
13 5 -40.702270
5 13 -40.702270
13 7 -40.850071
7 13 -40.850071
14 2 -51.033898
2 14 -51.033898
14 4 -54.025452
4 14 -54.025452
14 5 -54.175430
5 14 -54.175430
14 8 -53.735361
8 14 -53.735361
15 3 -52.740158
3 15 -52.740158
15 6 -51.610968
6 15 -51.610968
15 7 -49.778041
7 15 -49.778041
16 4 -47.187755
4 16 -47.187755
16 6 -50.097176
6 16 -50.097176
16 7 -48.908913
7 16 -48.908913
16 8 -48.504730
8 16 -48.504730
17 5 -45.419381
5 17 -45.419381
17 7 -48.831248
7 17 -48.831248
17 8 -53.711316
8 17 -53.711316
