# Created by Octave 3.0.5, Tue Dec 07 20:19:28 2010 PST <rahulb@zoomzoom>
# name: A
# type: matrix
# rows: 9
# columns: 9
 0 1 1 1 1 0 1 0 0
 1 0 1 1 1 1 0 1 0
 1 1 0 0 1 1 0 0 1
 1 1 0 0 1 1 1 1 0
 1 1 1 1 0 1 1 1 1
 0 1 1 1 1 0 0 1 1
 1 0 0 1 1 0 0 1 1
 0 1 0 1 1 1 1 0 1
 0 0 1 0 1 1 1 1 0
# name: D
# type: matrix
# rows: 1
# columns: 9
 5 6 5 6 8 6 5 6 5
# name: M
# type: scalar
9
# name: N
# type: scalar
9
# name: W
# type: matrix
# rows: 9
# columns: 9
 0.2698412698412699 0.1428571428571428 0.1666666666666667 0.1428571428571428 0.1111111111111111 0 0.1666666666666667 0 0
 0.1428571428571428 0.1746031746031746 0.1428571428571428 0.1428571428571428 0.1111111111111111 0.1428571428571428 0 0.1428571428571428 0
 0.1666666666666667 0.1428571428571428 0.2698412698412699 0 0.1111111111111111 0.1428571428571428 0 0 0.1666666666666667
 0.1428571428571428 0.1428571428571428 0 0.1746031746031746 0.1111111111111111 0.1428571428571428 0.1428571428571428 0.1428571428571428 0
 0.1111111111111111 0.1111111111111111 0.1111111111111111 0.1111111111111111 0.1111111111111109 0.1111111111111111 0.1111111111111111 0.1111111111111111 0.1111111111111111
 0 0.1428571428571428 0.1428571428571428 0.1428571428571428 0.1111111111111111 0.1746031746031746 0 0.1428571428571428 0.1428571428571428
 0.1666666666666667 0 0 0.1428571428571428 0.1111111111111111 0 0.2698412698412699 0.1428571428571428 0.1666666666666667
 0 0.1428571428571428 0 0.1428571428571428 0.1111111111111111 0.1428571428571428 0.1428571428571428 0.1746031746031746 0.1428571428571428
 0 0 0.1666666666666667 0 0.1111111111111111 0.1428571428571428 0.1666666666666667 0.1428571428571428 0.2698412698412698
# name: __nargin__
# type: scalar
0
# name: a
# type: scalar
0.1189060642092747
# name: h
# type: scalar
2.9
# name: i
# type: scalar
9
# name: j
# type: scalar
5
# name: k
# type: scalar
20
# name: n
# type: scalar
3
# name: p
# type: matrix
# rows: 1
# columns: 3
 3 3 0
# name: r
# type: matrix
# rows: 1
# columns: 9
 0.8835982509069547 0.7438622146803808 0.678411830062319 0.6972398612824651 0.6462264292681555 0.7500892405785107 0.8386238225000737 0.7084181152981107 0.5909215977580198
# name: s
# type: matrix
# rows: 1
# columns: 3
 3 3 2.9
# name: u
# type: matrix
# rows: 20
# columns: 9
 633.51464844367 758.4613327840825 516.8049713096473 733.0185574331454 805.4572310934935 643.7553466661443 586.6225332677939 703.4493132890478 474.7547110683729
 512.0116050296886 623.9195633961392 525.8975575607703 586.0381522932696 764.2237417880895 700.0393615717335 528.8053756660825 658.1151442857486 551.6948953790904
 490.5618861205917 606.2592960912632 483.7974818703001 628.0734045927309 748.1941681693141 653.1460194267995 606.1243914119748 727.7544204371851 528.2208670665584
 599.1138983624828 696.5087461033307 580.7183076166853 731.9446120136824 840.5191039461397 732.8389865311399 616.5106655327838 686.1107620728827 546.2387370937639
 564.4995975389857 674.6085488532073 537.3860820515024 632.3909204289716 685.1902547571902 612.9577915062404 553.8600585558663 635.781780204478 440.6252588828895
 584.9729220185978 722.2867215664768 529.52602475925 650.0932660753797 757.2685583808558 658.488326103356 570.6592993766593 700.8014104457903 526.8319027118416
 559.1782668525021 634.7481023678861 596.0445537610835 646.7751424408723 796.5805964510141 719.1606192213359 579.7191580288129 610.4980041219085 524.6377636056463
 585.9648588985583 677.3919111022377 562.3208479859891 679.4313472271889 859.9801473626484 730.8279450732327 572.7996085324262 695.0552527796345 571.1199258005942
 613.416617280425 608.0704338365465 505.1741638982993 669.5593639473275 787.1192876755949 656.0439914529159 587.2875732422183 635.0121130024602 564.2674742001641
 580.0414162078696 706.8237524024458 525.7962157292126 698.5867224510065 679.7375082292853 665.4176054264634 550.2468810850905 655.872608768722 458.6318827467427
 591.1805514663607 617.0626891471996 490.9514317376839 667.7309146921647 778.4660599635321 573.7300364805321 645.8891823281074 703.3518886604555 531.2391351321298
 624.2811692471768 638.8994529815601 466.9976092425772 652.8936871115177 748.0761466348067 582.7681609742968 534.2212246692807 589.1524069948609 489.7462259013042
 590.6988618629964 722.4431569623229 572.46615094373 689.1015313736367 830.7776519779979 738.2334804601071 533.8085283826626 651.8597502340845 538.0157699009706
 614.6160395561683 713.1015124194288 583.0313527870899 712.0458527561314 793.9640312314801 730.5744641329524 631.1383859354723 734.0372349096074 575.0257562413047
 551.2035997831638 732.2576458115623 593.4257140366019 680.611183488105 810.9466224233333 704.1878058735299 591.9477811572428 702.3629844537587 506.788206944569
 509.3198547854952 616.5208515241079 556.9163715075292 608.4967405080486 789.038085321735 681.5537016936216 552.8030455621249 627.2751317001546 522.7206086575241
 554.0998027498765 640.5983818160911 519.2326262571378 659.9564040582222 836.3055835305624 676.9169969963898 578.8957872377528 656.6792998568326 547.2057807806859
 532.625696093285 639.1770689465631 556.5792393297286 609.9227287488579 715.5494622691219 673.7184112330218 526.0249197289295 571.0990294181943 458.9820301472994
 624.9607407809892 717.137874171859 525.0950363983973 721.0422779925219 824.9512548317435 622.6811737961866 609.3603801455936 655.1230330270754 439.306804181551
 563.5184013768337 773.4647255872961 558.4237364809112 716.5851328247709 765.2382973561407 697.7373098419092 572.4423848942545 711.0122949628561 473.616447703445
# name: w
# type: scalar
0.1428571428571428
# name: A_j
# type: matrix
# rows: 9
# columns: 1
 0
 0
 0
 0
 0
 0.1062699256110521
 0
 0.1062699256110521
 0.1189060642092747
# name: sources
# type: matrix
# rows: 1
# columns: 2
 10 12
# name: sensorid
# type: scalar
8
# name: I_max
# type: scalar
1600
# name: Adj
# type: matrix
# rows: 9
# columns: 9
 0 1 0 1 0 0 0 0 0
 1 0 1 0 1 0 0 0 0
 0 1 0 0 0 1 0 0 0
 1 0 0 0 1 0 1 0 0
 0 1 0 1 0 1 0 1 0
 0 0 1 0 1 0 0 0 1
 0 0 0 1 0 0 0 1 0
 0 0 0 0 1 0 1 0 1
 0 0 0 0 0 1 0 1 0
# name: Phi
# type: matrix
# rows: 1
# columns: 9
 176 148 135 139 129 150 167 141 118
# name: sum_Wik
# type: scalar
0.7301587301587302
# name: ALPHA
# type: scalar
1800
# name: indent
# type: scalar
1
# name: Model
# type: matrix
# rows: 9
# columns: 9
 0.1189060642092747 0.1062699256110521 0 0.1062699256110521 0 0 0 0 0
 0.1062699256110521 0.1189060642092747 0.1062699256110521 0 0.1062699256110521 0 0 0 0
 0 0.1062699256110521 0.1189060642092747 0 0 0.1062699256110521 0 0 0
 0.1062699256110521 0 0 0.1189060642092747 0.1062699256110521 0 0.1062699256110521 0 0
 0 0.1062699256110521 0 0.1062699256110521 0.1189060642092747 0.1062699256110521 0 0.1062699256110521 0
 0 0 0.1062699256110521 0 0.1062699256110521 0.1189060642092747 0 0 0.1062699256110521
 0 0 0 0.1062699256110521 0 0 0.1189060642092747 0.1062699256110521 0
 0 0 0 0 0.1062699256110521 0 0.1062699256110521 0.1189060642092747 0.1062699256110521
 0 0 0 0 0 0.1062699256110521 0 0.1062699256110521 0.1189060642092747
# name: sdata
# type: matrix
# rows: 12
# columns: 1
 993
 1154
 820
 1089
 1090
 1311
 1207
 1405
 869
 1199
 1115
 1456
# name: height
# type: scalar
2.9
# name: gain
# type: matrix
# rows: 1
# columns: 2
 -48.58805666813954 -53.51947669126871
# name: tabs
# type: sq_string
# elements: 1
# length: 2
		
# name: A_thresh
# type: scalar
0.1
# name: DOPLOT
# type: scalar
0
# name: degree
# type: scalar
2
# name: TOTAL_RUNS
# type: scalar
20
# name: Dist
# type: matrix
# rows: 1
# columns: 7
 0 1 2 4 5 8 9
# name: filename
# type: sq_string
# elements: 1
# length: 107
/home/rahulb/projects/actuation/tinyos-2.x/apps/LightControl/DeploymentsNew/nodes3degree2/simvar.octave.mat
