25 0 -44.747478
0 25 -44.747478
25 1 -41.805058
1 25 -41.805058
25 2 -46.782048
2 25 -46.782048
25 5 -49.579992
5 25 -49.579992
25 6 -52.086140
6 25 -52.086140
25 10 -54.884643
10 25 -54.884643
26 0 -45.067481
0 26 -45.067481
26 1 -44.641007
1 26 -44.641007
26 2 -45.129944
2 26 -45.129944
26 3 -50.936105
3 26 -50.936105
26 5 -52.288713
5 26 -52.288713
26 6 -49.020596
6 26 -49.020596
26 7 -42.435044
7 26 -42.435044
26 11 -53.005047
11 26 -53.005047
27 0 -49.821575
0 27 -49.821575
27 1 -40.938955
1 27 -40.938955
27 2 -42.571111
2 27 -42.571111
27 3 -46.203447
3 27 -46.203447
27 4 -47.156601
4 27 -47.156601
27 6 -45.779875
6 27 -45.779875
27 7 -40.576643
7 27 -40.576643
27 8 -50.551185
8 27 -50.551185
27 12 -44.681971
12 27 -44.681971
28 1 -53.306925
1 28 -53.306925
28 2 -42.335708
2 28 -42.335708
28 3 -42.144115
3 28 -42.144115
28 4 -52.879628
4 28 -52.879628
28 7 -49.482832
7 28 -49.482832
28 8 -44.628419
8 28 -44.628419
28 9 -40.063934
9 28 -40.063934
28 13 -46.994731
13 28 -46.994731
29 2 -51.705873
2 29 -51.705873
29 3 -46.892003
3 29 -46.892003
29 4 -53.145054
4 29 -53.145054
29 8 -45.037302
8 29 -45.037302
29 9 -42.484618
9 29 -42.484618
29 14 -53.318041
14 29 -53.318041
30 0 -43.257162
0 30 -43.257162
30 1 -44.628184
1 30 -44.628184
30 5 -54.137012
5 30 -54.137012
30 6 -47.571538
6 30 -47.571538
30 7 -40.532025
7 30 -40.532025
30 10 -52.428235
10 30 -52.428235
30 11 -44.703119
11 30 -44.703119
30 15 -42.017550
15 30 -42.017550
31 0 -47.119252
0 31 -47.119252
31 1 -46.954069
1 31 -46.954069
31 2 -52.167804
2 31 -52.167804
31 5 -49.320350
5 31 -49.320350
31 6 -45.051273
6 31 -45.051273
31 7 -47.523747
7 31 -47.523747
31 8 -43.742591
8 31 -43.742591
31 10 -41.194455
10 31 -41.194455
31 11 -41.829685
11 31 -41.829685
31 12 -51.780431
12 31 -51.780431
31 16 -46.864996
16 31 -46.864996
32 1 -42.849546
1 32 -42.849546
32 2 -53.837393
2 32 -53.837393
32 3 -40.413139
3 32 -40.413139
32 5 -51.315067
5 32 -51.315067
32 6 -43.710673
6 32 -43.710673
32 7 -45.475416
7 32 -45.475416
32 8 -50.779872
8 32 -50.779872
32 9 -44.489967
9 32 -44.489967
32 11 -43.193348
11 32 -43.193348
32 12 -49.964321
12 32 -49.964321
32 13 -47.367690
13 32 -47.367690
32 17 -46.695770
17 32 -46.695770
33 2 -46.610117
2 33 -46.610117
33 3 -43.126671
3 33 -43.126671
33 4 -40.918583
4 33 -40.918583
33 6 -47.435971
6 33 -47.435971
33 7 -49.340237
7 33 -49.340237
33 8 -49.683608
8 33 -49.683608
33 9 -40.400031
9 33 -40.400031
33 12 -41.769099
12 33 -41.769099
33 13 -51.637727
13 33 -51.637727
33 14 -54.200210
14 33 -54.200210
33 18 -52.497978
18 33 -52.497978
34 3 -48.469576
3 34 -48.469576
34 4 -53.407798
4 34 -53.407798
34 7 -51.328167
7 34 -51.328167
34 8 -42.489164
8 34 -42.489164
34 9 -45.082902
9 34 -45.082902
34 13 -49.138501
13 34 -49.138501
34 14 -47.328282
14 34 -47.328282
34 19 -41.467852
19 34 -41.467852
35 0 -48.926080
0 35 -48.926080
35 5 -50.296567
5 35 -50.296567
35 6 -51.734093
6 35 -51.734093
35 10 -54.295858
10 35 -54.295858
35 11 -40.422110
11 35 -40.422110
35 12 -46.747441
12 35 -46.747441
35 15 -41.629942
15 35 -41.629942
35 16 -50.656120
16 35 -50.656120
35 20 -46.100678
20 35 -46.100678
36 1 -43.013073
1 36 -43.013073
36 5 -50.933512
5 36 -50.933512
36 6 -40.053106
6 36 -40.053106
36 7 -47.351485
7 36 -47.351485
36 10 -43.419977
10 36 -43.419977
36 11 -52.512748
11 36 -52.512748
36 12 -43.231101
12 36 -43.231101
36 13 -52.135399
13 36 -52.135399
36 15 -50.406815
15 36 -50.406815
36 16 -49.929806
16 36 -49.929806
36 17 -48.069072
17 36 -48.069072
36 21 -43.367547
21 36 -43.367547
37 2 -41.267456
2 37 -41.267456
37 6 -42.420851
6 37 -42.420851
37 7 -41.567339
7 37 -41.567339
37 8 -41.097678
8 37 -41.097678
37 10 -51.747014
10 37 -51.747014
37 11 -49.791472
11 37 -49.791472
37 12 -48.106107
12 37 -48.106107
37 13 -48.138452
13 37 -48.138452
37 14 -52.513778
14 37 -52.513778
37 16 -44.480133
16 37 -44.480133
37 17 -46.511080
17 37 -46.511080
37 18 -48.019179
18 37 -48.019179
37 22 -45.625847
22 37 -45.625847
38 3 -42.920484
3 38 -42.920484
38 7 -42.919963
7 38 -42.919963
38 8 -45.401427
8 38 -45.401427
38 9 -46.745369
9 38 -46.745369
38 11 -54.340387
11 38 -54.340387
38 12 -40.673425
12 38 -40.673425
38 13 -54.295003
13 38 -54.295003
38 14 -41.516989
14 38 -41.516989
38 17 -53.663976
17 38 -53.663976
38 18 -43.249484
18 38 -43.249484
38 19 -50.737251
19 38 -50.737251
38 23 -46.568308
23 38 -46.568308
39 4 -40.225741
4 39 -40.225741
39 8 -40.160174
8 39 -40.160174
39 9 -52.653582
9 39 -52.653582
39 12 -42.714181
12 39 -42.714181
39 13 -51.344233
13 39 -51.344233
39 14 -51.380510
14 39 -51.380510
39 18 -54.251761
18 39 -54.251761
39 19 -54.593519
19 39 -54.593519
39 24 -48.252896
24 39 -48.252896
40 5 -47.310225
5 40 -47.310225
40 10 -54.988133
10 40 -54.988133
40 11 -40.314543
11 40 -40.314543
40 15 -42.686610
15 40 -42.686610
40 16 -45.837449
16 40 -45.837449
40 17 -44.182689
17 40 -44.182689
40 20 -45.333121
20 40 -45.333121
40 21 -41.733285
21 40 -41.733285
41 6 -43.496223
6 41 -43.496223
41 10 -42.116683
10 41 -42.116683
41 11 -47.607529
11 41 -47.607529
41 12 -49.923810
12 41 -49.923810
41 15 -42.539600
15 41 -42.539600
41 16 -47.497694
16 41 -47.497694
41 17 -53.795987
17 41 -53.795987
41 18 -44.665901
18 41 -44.665901
41 20 -51.314512
20 41 -51.314512
41 21 -46.575628
21 41 -46.575628
41 22 -45.949797
22 41 -45.949797
42 7 -40.239161
7 42 -40.239161
42 11 -42.594104
11 42 -42.594104
42 12 -50.314539
12 42 -50.314539
42 13 -49.372193
13 42 -49.372193
42 15 -48.245801
15 42 -48.245801
42 16 -43.073140
16 42 -43.073140
42 17 -49.971136
17 42 -49.971136
42 18 -49.662556
18 42 -49.662556
42 19 -41.609626
19 42 -41.609626
42 21 -49.675207
21 42 -49.675207
42 22 -43.830577
22 42 -43.830577
42 23 -41.238174
23 42 -41.238174
43 8 -40.720886
8 43 -40.720886
43 12 -54.017665
12 43 -54.017665
43 13 -53.318988
13 43 -53.318988
43 14 -47.088941
14 43 -47.088941
43 16 -42.556614
16 43 -42.556614
43 17 -51.729394
17 43 -51.729394
43 18 -41.888266
18 43 -41.888266
43 19 -43.636218
19 43 -43.636218
43 22 -42.568876
22 43 -42.568876
43 23 -45.215617
23 43 -45.215617
43 24 -51.428392
24 43 -51.428392
44 9 -51.327339
9 44 -51.327339
44 13 -45.907182
13 44 -45.907182
44 14 -42.518590
14 44 -42.518590
44 17 -47.956289
17 44 -47.956289
44 18 -41.077281
18 44 -41.077281
44 19 -53.828485
19 44 -53.828485
44 23 -53.198688
23 44 -53.198688
44 24 -54.555625
24 44 -54.555625
45 10 -51.647628
10 45 -51.647628
45 15 -50.075322
15 45 -50.075322
45 16 -45.344836
16 45 -45.344836
45 20 -52.745963
20 45 -52.745963
45 21 -43.088522
21 45 -43.088522
45 22 -46.476663
22 45 -46.476663
46 11 -47.019411
11 46 -47.019411
46 15 -52.478581
15 46 -52.478581
46 16 -47.239232
16 46 -47.239232
46 17 -52.729039
17 46 -52.729039
46 20 -54.845596
20 46 -54.845596
46 21 -51.556041
21 46 -51.556041
46 22 -51.774428
22 46 -51.774428
46 23 -43.650669
23 46 -43.650669
47 12 -53.296549
12 47 -53.296549
47 16 -47.977606
16 47 -47.977606
47 17 -45.558273
17 47 -45.558273
47 18 -53.326972
18 47 -53.326972
47 20 -43.166955
20 47 -43.166955
47 21 -44.975153
21 47 -44.975153
47 22 -52.138097
22 47 -52.138097
47 23 -44.939824
23 47 -44.939824
47 24 -48.564753
24 47 -48.564753
48 13 -49.759686
13 48 -49.759686
48 17 -47.481014
17 48 -47.481014
48 18 -51.848820
18 48 -51.848820
48 19 -49.279151
19 48 -49.279151
48 21 -49.973575
21 48 -49.973575
48 22 -52.542188
22 48 -52.542188
48 23 -50.563423
23 48 -50.563423
48 24 -45.225038
24 48 -45.225038
49 14 -53.278432
14 49 -53.278432
49 18 -40.834021
18 49 -40.834021
49 19 -47.830257
19 49 -47.830257
49 22 -43.719459
22 49 -43.719459
49 23 -49.569486
23 49 -49.569486
49 24 -49.210086
24 49 -49.210086
