# Created by Octave 3.0.5, Tue Dec 07 20:19:32 2010 PST <rahulb@zoomzoom>
# name: A
# type: matrix
# rows: 25
# columns: 25
 0 1 1 1 1 1 1 1 1 0 1 1 1 0 0 1 1 0 0 0 1 0 0 0 0
 1 0 1 1 1 1 1 1 1 1 1 1 1 1 0 1 1 1 0 0 0 1 0 0 0
 1 1 0 1 1 1 1 1 1 1 1 1 1 1 1 0 1 1 1 0 0 0 1 0 0
 1 1 1 0 1 1 1 1 1 1 0 1 1 1 1 0 0 1 1 1 0 0 0 1 0
 1 1 1 1 0 0 1 1 1 1 0 0 1 1 1 0 0 0 1 1 0 0 0 0 1
 1 1 1 1 0 0 1 1 1 1 1 1 1 1 0 1 1 1 0 0 1 1 0 0 0
 1 1 1 1 1 1 0 1 1 1 1 1 1 1 1 1 1 1 1 0 1 1 1 0 0
 1 1 1 1 1 1 1 0 1 1 1 1 1 1 1 1 1 1 1 1 0 1 1 1 0
 1 1 1 1 1 1 1 1 0 1 1 1 1 1 1 0 1 1 1 1 0 0 1 1 1
 0 1 1 1 1 1 1 1 1 0 0 1 1 1 1 0 0 1 1 1 0 0 0 1 1
 1 1 1 0 0 1 1 1 1 0 0 1 1 1 1 1 1 1 1 0 1 1 1 0 0
 1 1 1 1 0 1 1 1 1 1 1 0 1 1 1 1 1 1 1 1 1 1 1 1 0
 1 1 1 1 1 1 1 1 1 1 1 1 0 1 1 1 1 1 1 1 1 1 1 1 1
 0 1 1 1 1 1 1 1 1 1 1 1 1 0 1 1 1 1 1 1 0 1 1 1 1
 0 0 1 1 1 0 1 1 1 1 1 1 1 1 0 0 1 1 1 1 0 0 1 1 1
 1 1 0 0 0 1 1 1 0 0 1 1 1 1 0 0 1 1 1 1 1 1 1 1 0
 1 1 1 0 0 1 1 1 1 0 1 1 1 1 1 1 0 1 1 1 1 1 1 1 1
 0 1 1 1 0 1 1 1 1 1 1 1 1 1 1 1 1 0 1 1 1 1 1 1 1
 0 0 1 1 1 0 1 1 1 1 1 1 1 1 1 1 1 1 0 1 1 1 1 1 1
 0 0 0 1 1 0 0 1 1 1 0 1 1 1 1 1 1 1 1 0 0 1 1 1 1
 1 0 0 0 0 1 1 0 0 0 1 1 1 0 0 1 1 1 1 0 0 1 1 1 1
 0 1 0 0 0 1 1 1 0 0 1 1 1 1 0 1 1 1 1 1 1 0 1 1 1
 0 0 1 0 0 0 1 1 1 0 1 1 1 1 1 1 1 1 1 1 1 1 0 1 1
 0 0 0 1 0 0 0 1 1 1 0 1 1 1 1 1 1 1 1 1 1 1 1 0 1
 0 0 0 0 1 0 0 0 1 1 0 0 1 1 1 0 1 1 1 1 1 1 1 1 0
# name: D
# type: matrix
# rows: 1
# columns: 25
 14 17 18 17 14 17 21 22 21 17 18 22 24 22 18 17 21 22 21 17 14 17 18 17 14
# name: M
# type: scalar
25
# name: N
# type: scalar
25
# name: W
# type: matrix
# rows: 25
# columns: 25
 0.2758611284469408 0.05555555555555555 0.05263157894736842 0.05555555555555555 0.06666666666666667 0.05555555555555555 0.04545454545454546 0.04347826086956522 0.04545454545454546 0 0.05263157894736842 0.04347826086956522 0.04 0 0 0.05555555555555555 0.04545454545454546 0 0 0 0.06666666666666667 0 0 0 0
 0.05555555555555555 0.1555712733744772 0.05263157894736842 0.05555555555555555 0.05555555555555555 0.05555555555555555 0.04545454545454546 0.04347826086956522 0.04545454545454546 0.05555555555555555 0.05263157894736842 0.04347826086956522 0.04 0.04347826086956522 0 0.05555555555555555 0.04545454545454546 0.04347826086956522 0 0 0 0.05555555555555555 0 0 0
 0.05263157894736842 0.05263157894736842 0.1305845641772418 0.05263157894736842 0.05263157894736842 0.05263157894736842 0.04545454545454546 0.04347826086956522 0.04545454545454546 0.05263157894736842 0.05263157894736842 0.04347826086956522 0.04 0.04347826086956522 0.05263157894736842 0 0.04545454545454546 0.04347826086956522 0.04545454545454546 0 0 0 0.05263157894736842 0 0
 0.05555555555555555 0.05555555555555555 0.05263157894736842 0.1555712733744772 0.05555555555555555 0.05555555555555555 0.04545454545454546 0.04347826086956522 0.04545454545454546 0.05555555555555555 0 0.04347826086956522 0.04 0.04347826086956522 0.05263157894736842 0 0 0.04347826086956522 0.04545454545454546 0.05555555555555555 0 0 0 0.05555555555555555 0
 0.06666666666666667 0.05555555555555555 0.05263157894736842 0.05555555555555555 0.2758611284469408 0 0.04545454545454546 0.04347826086956522 0.04545454545454546 0.05555555555555555 0 0 0.04 0.04347826086956522 0.05263157894736842 0 0 0 0.04545454545454546 0.05555555555555555 0 0 0 0 0.06666666666666667
 0.05555555555555555 0.05555555555555555 0.05263157894736842 0.05555555555555555 0 0.1555712733744771 0.04545454545454546 0.04347826086956522 0.04545454545454546 0.05555555555555555 0.05263157894736842 0.04347826086956522 0.04 0.04347826086956522 0 0.05555555555555555 0.04545454545454546 0.04347826086956522 0 0 0.05555555555555555 0.05555555555555555 0 0 0
 0.04545454545454546 0.04545454545454546 0.04545454545454546 0.04545454545454546 0.04545454545454546 0.04545454545454546 0.05881422924901203 0.04347826086956522 0.04545454545454546 0.04545454545454546 0.04545454545454546 0.04347826086956522 0.04 0.04347826086956522 0.04545454545454546 0.04545454545454546 0.04545454545454546 0.04347826086956522 0.04545454545454546 0 0.04545454545454546 0.04545454545454546 0.04545454545454546 0 0
 0.04347826086956522 0.04347826086956522 0.04347826086956522 0.04347826086956522 0.04347826086956522 0.04347826086956522 0.04347826086956522 0.04695652173913079 0.04347826086956522 0.04347826086956522 0.04347826086956522 0.04347826086956522 0.04 0.04347826086956522 0.04347826086956522 0.04347826086956522 0.04347826086956522 0.04347826086956522 0.04347826086956522 0.04347826086956522 0 0.04347826086956522 0.04347826086956522 0.04347826086956522 0
 0.04545454545454546 0.04545454545454546 0.04545454545454546 0.04545454545454546 0.04545454545454546 0.04545454545454546 0.04545454545454546 0.04347826086956522 0.05881422924901214 0.04545454545454546 0.04545454545454546 0.04347826086956522 0.04 0.04347826086956522 0.04545454545454546 0 0.04545454545454546 0.04347826086956522 0.04545454545454546 0.04545454545454546 0 0 0.04545454545454546 0.04545454545454546 0.04545454545454546
 0 0.05555555555555555 0.05263157894736842 0.05555555555555555 0.05555555555555555 0.05555555555555555 0.04545454545454546 0.04347826086956522 0.04545454545454546 0.155571273374477 0 0.04347826086956522 0.04 0.04347826086956522 0.05263157894736842 0 0 0.04347826086956522 0.04545454545454546 0.05555555555555555 0 0 0 0.05555555555555555 0.05555555555555555
 0.05263157894736842 0.05263157894736842 0.05263157894736842 0 0 0.05263157894736842 0.04545454545454546 0.04347826086956522 0.04545454545454546 0 0.1305845641772418 0.04347826086956522 0.04 0.04347826086956522 0.05263157894736842 0.05263157894736842 0.04545454545454546 0.04347826086956522 0.04545454545454546 0 0.05263157894736842 0.05263157894736842 0.05263157894736842 0 0
 0.04347826086956522 0.04347826086956522 0.04347826086956522 0.04347826086956522 0 0.04347826086956522 0.04347826086956522 0.04347826086956522 0.04347826086956522 0.04347826086956522 0.04347826086956522 0.04695652173913079 0.04 0.04347826086956522 0.04347826086956522 0.04347826086956522 0.04347826086956522 0.04347826086956522 0.04347826086956522 0.04347826086956522 0.04347826086956522 0.04347826086956522 0.04347826086956522 0.04347826086956522 0
 0.04 0.04 0.04 0.04 0.04 0.04 0.04 0.04 0.04 0.04 0.04 0.04 0.0399999999999997 0.04 0.04 0.04 0.04 0.04 0.04 0.04 0.04 0.04 0.04 0.04 0.04
 0 0.04347826086956522 0.04347826086956522 0.04347826086956522 0.04347826086956522 0.04347826086956522 0.04347826086956522 0.04347826086956522 0.04347826086956522 0.04347826086956522 0.04347826086956522 0.04347826086956522 0.04 0.04695652173913079 0.04347826086956522 0.04347826086956522 0.04347826086956522 0.04347826086956522 0.04347826086956522 0.04347826086956522 0 0.04347826086956522 0.04347826086956522 0.04347826086956522 0.04347826086956522
 0 0 0.05263157894736842 0.05263157894736842 0.05263157894736842 0 0.04545454545454546 0.04347826086956522 0.04545454545454546 0.05263157894736842 0.05263157894736842 0.04347826086956522 0.04 0.04347826086956522 0.1305845641772418 0 0.04545454545454546 0.04347826086956522 0.04545454545454546 0.05263157894736842 0 0 0.05263157894736842 0.05263157894736842 0.05263157894736842
 0.05555555555555555 0.05555555555555555 0 0 0 0.05555555555555555 0.04545454545454546 0.04347826086956522 0 0 0.05263157894736842 0.04347826086956522 0.04 0.04347826086956522 0 0.155571273374477 0.04545454545454546 0.04347826086956522 0.04545454545454546 0.05555555555555555 0.05555555555555555 0.05555555555555555 0.05263157894736842 0.05555555555555555 0
 0.04545454545454546 0.04545454545454546 0.04545454545454546 0 0 0.04545454545454546 0.04545454545454546 0.04347826086956522 0.04545454545454546 0 0.04545454545454546 0.04347826086956522 0.04 0.04347826086956522 0.04545454545454546 0.04545454545454546 0.05881422924901225 0.04347826086956522 0.04545454545454546 0.04545454545454546 0.04545454545454546 0.04545454545454546 0.04545454545454546 0.04545454545454546 0.04545454545454546
