100 0 -40.961491
0 100 -40.961491
100 1 -47.762057
1 100 -47.762057
101 1 -48.853254
1 101 -48.853254
101 2 -50.183244
2 101 -50.183244
102 2 -48.310387
2 102 -48.310387
102 3 -54.506747
3 102 -54.506747
103 3 -49.870955
3 103 -49.870955
103 4 -50.180189
4 103 -50.180189
104 4 -45.636823
4 104 -45.636823
104 5 -47.960166
5 104 -47.960166
105 5 -40.613396
5 105 -40.613396
105 6 -43.980777
6 105 -43.980777
106 6 -52.016469
6 106 -52.016469
106 7 -50.032869
7 106 -50.032869
107 7 -44.097867
7 107 -44.097867
107 8 -43.411647
8 107 -43.411647
108 8 -47.281107
8 108 -47.281107
108 9 -52.447708
9 108 -52.447708
109 0 -54.440666
0 109 -54.440666
109 10 -47.567924
10 109 -47.567924
110 1 -46.614093
1 110 -46.614093
110 11 -51.547444
11 110 -51.547444
111 2 -46.939656
2 111 -46.939656
111 12 -49.417363
12 111 -49.417363
112 3 -40.693388
3 112 -40.693388
112 13 -52.392909
13 112 -52.392909
113 4 -43.987928
4 113 -43.987928
113 14 -41.187224
14 113 -41.187224
114 5 -46.144146
5 114 -46.144146
114 15 -49.648675
15 114 -49.648675
115 6 -43.043537
6 115 -43.043537
115 16 -53.459759
16 115 -53.459759
116 7 -52.247070
7 116 -52.247070
116 17 -45.176591
17 116 -45.176591
117 8 -44.160778
8 117 -44.160778
117 18 -54.641535
18 117 -54.641535
118 9 -54.573020
9 118 -54.573020
118 19 -50.665814
19 118 -50.665814
119 10 -40.740541
10 119 -40.740541
119 11 -40.606732
11 119 -40.606732
120 11 -42.596807
11 120 -42.596807
120 12 -54.954665
12 120 -54.954665
121 12 -40.264659
12 121 -40.264659
121 13 -51.260533
13 121 -51.260533
122 13 -47.748941
13 122 -47.748941
122 14 -41.776510
14 122 -41.776510
123 14 -41.884813
14 123 -41.884813
123 15 -52.967507
15 123 -52.967507
124 15 -49.499230
15 124 -49.499230
124 16 -54.158264
16 124 -54.158264
125 16 -50.510796
16 125 -50.510796
125 17 -49.044201
17 125 -49.044201
126 17 -51.429681
17 126 -51.429681
126 18 -54.523069
18 126 -54.523069
127 18 -40.658892
18 127 -40.658892
127 19 -53.125558
19 127 -53.125558
128 10 -46.048119
10 128 -46.048119
128 20 -40.552095
20 128 -40.552095
129 11 -48.237975
11 129 -48.237975
129 21 -40.067708
21 129 -40.067708
130 12 -44.301571
12 130 -44.301571
130 22 -44.556943
22 130 -44.556943
131 13 -49.329881
13 131 -49.329881
131 23 -53.973707
23 131 -53.973707
132 14 -41.873194
14 132 -41.873194
132 24 -45.585809
24 132 -45.585809
133 15 -52.630804
15 133 -52.630804
133 25 -50.005048
25 133 -50.005048
134 16 -45.335908
16 134 -45.335908
134 26 -49.895220
26 134 -49.895220
135 17 -51.034096
17 135 -51.034096
135 27 -51.450693
27 135 -51.450693
136 18 -48.581940
18 136 -48.581940
136 28 -52.931593
28 136 -52.931593
137 19 -50.269527
19 137 -50.269527
137 29 -45.671231
29 137 -45.671231
138 20 -44.235906
20 138 -44.235906
138 21 -41.364214
21 138 -41.364214
139 21 -51.512474
21 139 -51.512474
139 22 -46.947410
22 139 -46.947410
140 22 -40.158683
22 140 -40.158683
140 23 -48.364246
23 140 -48.364246
141 23 -53.809462
23 141 -53.809462
141 24 -43.275043
24 141 -43.275043
142 24 -44.178278
24 142 -44.178278
142 25 -48.370478
25 142 -48.370478
143 25 -52.677323
25 143 -52.677323
143 26 -40.160048
26 143 -40.160048
144 26 -53.947826
26 144 -53.947826
144 27 -45.767202
27 144 -45.767202
145 27 -50.564330
27 145 -50.564330
145 28 -44.384058
28 145 -44.384058
146 28 -54.466132
28 146 -54.466132
146 29 -40.195306
29 146 -40.195306
147 20 -41.980886
20 147 -41.980886
147 30 -48.166152
30 147 -48.166152
148 21 -51.724599
21 148 -51.724599
148 31 -48.529152
31 148 -48.529152
149 22 -48.187671
22 149 -48.187671
149 32 -44.546479
32 149 -44.546479
150 23 -52.546322
23 150 -52.546322
150 33 -47.321630
33 150 -47.321630
151 24 -51.106839
24 151 -51.106839
151 34 -50.762660
34 151 -50.762660
152 25 -45.284178
25 152 -45.284178
152 35 -54.605124
35 152 -54.605124
153 26 -49.547667
26 153 -49.547667
153 36 -42.124148
36 153 -42.124148
154 27 -46.525349
27 154 -46.525349
154 37 -46.644052
37 154 -46.644052
155 28 -51.590015
28 155 -51.590015
155 38 -43.096853
38 155 -43.096853
156 29 -40.656781
29 156 -40.656781
156 39 -47.140396
39 156 -47.140396
157 30 -41.361661
30 157 -41.361661
157 31 -49.808033
31 157 -49.808033
158 31 -46.985147
31 158 -46.985147
158 32 -54.864790
32 158 -54.864790
159 32 -53.165721
32 159 -53.165721
159 33 -53.318779
33 159 -53.318779
160 33 -53.732222
33 160 -53.732222
160 34 -50.125598
34 160 -50.125598
161 34 -44.497507
34 161 -44.497507
161 35 -47.618352
35 161 -47.618352
162 35 -42.070251
35 162 -42.070251
162 36 -40.121421
36 162 -40.121421
163 36 -52.948893
36 163 -52.948893
163 37 -46.765080
37 163 -46.765080
164 37 -50.226121
37 164 -50.226121
164 38 -48.674900
38 164 -48.674900
165 38 -45.189787
38 165 -45.189787
165 39 -51.197320
39 165 -51.197320
166 30 -40.759089
30 166 -40.759089
166 40 -45.423690
40 166 -45.423690
167 31 -49.142842
31 167 -49.142842
167 41 -46.690735
41 167 -46.690735
168 32 -41.820876
32 168 -41.820876
168 42 -47.530438
42 168 -47.530438
169 33 -40.807710
33 169 -40.807710
169 43 -52.177830
43 169 -52.177830
170 34 -52.036093
34 170 -52.036093
170 44 -41.068322
44 170 -41.068322
171 35 -45.673266
35 171 -45.673266
171 45 -44.884518
45 171 -44.884518
172 36 -43.292111
36 172 -43.292111
172 46 -52.220121
46 172 -52.220121
173 37 -50.013156
37 173 -50.013156
173 47 -41.024984
47 173 -41.024984
174 38 -52.810508
38 174 -52.810508
174 48 -49.281406
48 174 -49.281406
175 39 -54.122201
39 175 -54.122201
175 49 -51.875943
49 175 -51.875943
176 40 -51.624700
40 176 -51.624700
176 41 -54.136192
41 176 -54.136192
177 41 -51.987808
41 177 -51.987808
177 42 -48.119749
42 177 -48.119749
178 42 -41.788151
42 178 -41.788151
178 43 -44.296822
43 178 -44.296822
179 43 -53.466656
43 179 -53.466656
179 44 -47.617744
44 179 -47.617744
180 44 -48.363857
44 180 -48.363857
180 45 -46.123598
45 180 -46.123598
181 45 -41.326059
45 181 -41.326059
181 46 -54.269914
46 181 -54.269914
182 46 -51.047110
46 182 -51.047110
182 47 -48.397585
47 182 -48.397585
183 47 -43.645849
47 183 -43.645849
183 48 -54.635196
48 183 -54.635196
184 48 -44.310129
48 184 -44.310129
184 49 -49.326404
49 184 -49.326404
185 40 -40.168547
40 185 -40.168547
185 50 -47.674056
50 185 -47.674056
186 41 -41.168789
41 186 -41.168789
186 51 -52.565507
51 186 -52.565507
187 42 -46.881074
42 187 -46.881074
187 52 -50.858658
52 187 -50.858658
188 43 -41.233286
43 188 -41.233286
188 53 -44.532613
53 188 -44.532613
189 44 -47.745564
44 189 -47.745564
189 54 -43.468329
54 189 -43.468329
190 45 -45.864224
45 190 -45.864224
190 55 -52.300986
55 190 -52.300986
191 46 -52.829990
46 191 -52.829990
191 56 -52.850084
56 191 -52.850084
192 47 -50.650110
47 192 -50.650110
192 57 -45.954932
57 192 -45.954932
193 48 -54.557375
48 193 -54.557375
193 58 -42.026951
58 193 -42.026951
194 49 -43.247376
49 194 -43.247376
194 59 -49.898927
59 194 -49.898927
195 50 -53.263110
50 195 -53.263110
195 51 -51.741279
51 195 -51.741279
196 51 -48.386427
51 196 -48.386427
196 52 -54.219513
52 196 -54.219513
197 52 -40.602879
52 197 -40.602879
197 53 -54.236866
53 197 -54.236866
198 53 -50.549362
53 198 -50.549362
198 54 -47.377337
54 198 -47.377337
199 54 -51.217617
54 199 -51.217617
199 55 -51.530310
55 199 -51.530310
200 55 -53.643484
55 200 -53.643484
200 56 -46.647537
56 200 -46.647537
201 56 -50.861382
56 201 -50.861382
201 57 -54.437775
57 201 -54.437775
202 57 -42.397047
57 202 -42.397047
202 58 -50.148958
58 202 -50.148958
203 58 -51.796582
58 203 -51.796582
203 59 -44.996890
59 203 -44.996890
204 50 -51.502733
50 204 -51.502733
204 60 -50.628433
60 204 -50.628433
205 51 -47.646252
51 205 -47.646252
205 61 -49.346904
61 205 -49.346904
206 52 -40.979722
52 206 -40.979722
206 62 -50.462285
62 206 -50.462285
207 53 -41.071383
53 207 -41.071383
207 63 -43.670951
63 207 -43.670951
208 54 -43.684096
54 208 -43.684096
208 64 -53.881115
64 208 -53.881115
209 55 -48.515792
55 209 -48.515792
209 65 -52.912185
65 209 -52.912185
210 56 -51.267184
56 210 -51.267184
210 66 -44.392604
66 210 -44.392604
211 57 -44.130397
57 211 -44.130397
211 67 -51.813866
67 211 -51.813866
212 58 -46.075687
58 212 -46.075687
212 68 -44.333341
68 212 -44.333341
213 59 -47.988514
59 213 -47.988514
213 69 -46.855453
69 213 -46.855453
214 60 -50.631763
60 214 -50.631763
214 61 -50.570100
61 214 -50.570100
215 61 -45.418608
61 215 -45.418608
215 62 -45.738369
62 215 -45.738369
216 62 -51.981170
62 216 -51.981170
216 63 -53.019373
63 216 -53.019373
217 63 -45.104044
63 217 -45.104044
217 64 -54.289087
64 217 -54.289087
218 64 -41.529699
64 218 -41.529699
218 65 -41.232977
65 218 -41.232977
219 65 -42.499176
65 219 -42.499176
219 66 -54.905745
66 219 -54.905745
220 66 -45.850162
66 220 -45.850162
220 67 -53.089368
67 220 -53.089368
221 67 -46.377733
67 221 -46.377733
221 68 -47.329697
68 221 -47.329697
222 68 -50.223408
68 222 -50.223408
222 69 -46.599840
69 222 -46.599840
223 60 -54.944127
60 223 -54.944127
223 70 -40.817462
70 223 -40.817462
224 61 -48.522838
61 224 -48.522838
224 71 -42.732438
71 224 -42.732438
225 62 -49.579997
62 225 -49.579997
225 72 -52.849449
72 225 -52.849449
226 63 -52.753355
63 226 -52.753355
226 73 -48.674477
73 226 -48.674477
227 64 -49.263335
64 227 -49.263335
227 74 -44.348803
74 227 -44.348803
228 65 -48.650643
65 228 -48.650643
228 75 -47.790359
75 228 -47.790359
229 66 -41.437423
66 229 -41.437423
229 76 -51.602055
76 229 -51.602055
230 67 -52.290329
67 230 -52.290329
230 77 -44.994138
77 230 -44.994138
231 68 -43.417703
68 231 -43.417703
231 78 -53.606439
78 231 -53.606439
232 69 -46.145038
69 232 -46.145038
232 79 -42.832140
79 232 -42.832140
233 70 -46.996233
70 233 -46.996233
233 71 -43.367059
71 233 -43.367059
234 71 -52.376544
71 234 -52.376544
234 72 -48.259279
72 234 -48.259279
235 72 -40.933633
72 235 -40.933633
235 73 -44.899646
73 235 -44.899646
236 73 -43.212351
73 236 -43.212351
236 74 -48.178048
74 236 -48.178048
237 74 -43.828348
74 237 -43.828348
237 75 -44.699168
75 237 -44.699168
238 75 -46.066144
75 238 -46.066144
238 76 -50.881755
76 238 -50.881755
239 76 -50.012445
76 239 -50.012445
239 77 -54.037497
77 239 -54.037497
240 77 -54.210892
77 240 -54.210892
240 78 -42.784190
78 240 -42.784190
241 78 -49.168403
78 241 -49.168403
241 79 -54.353383
79 241 -54.353383
242 70 -41.673427
70 242 -41.673427
242 80 -53.510343
80 242 -53.510343
243 71 -48.759240
71 243 -48.759240
243 81 -42.494843
81 243 -42.494843
244 72 -46.814683
72 244 -46.814683
244 82 -48.803605
82 244 -48.803605
245 73 -52.466701
73 245 -52.466701
245 83 -53.931038
83 245 -53.931038
246 74 -41.615061
74 246 -41.615061
246 84 -44.362038
84 246 -44.362038
247 75 -42.187837
75 247 -42.187837
247 85 -52.618569
85 247 -52.618569
248 76 -46.365038
76 248 -46.365038
248 86 -42.318159
86 248 -42.318159
249 77 -51.254631
77 249 -51.254631
249 87 -43.110597
87 249 -43.110597
250 78 -48.898155
78 250 -48.898155
250 88 -54.233105
88 250 -54.233105
251 79 -44.547401
79 251 -44.547401
251 89 -48.426544
89 251 -48.426544
252 80 -47.065015
80 252 -47.065015
252 81 -43.293127
81 252 -43.293127
253 81 -46.165364
81 253 -46.165364
253 82 -41.936885
82 253 -41.936885
254 82 -41.595638
82 254 -41.595638
254 83 -44.865370
83 254 -44.865370
255 83 -45.120832
83 255 -45.120832
255 84 -40.255440
84 255 -40.255440
256 84 -48.370708
84 256 -48.370708
256 85 -48.254083
85 256 -48.254083
257 85 -43.730239
85 257 -43.730239
257 86 -50.685063
86 257 -50.685063
258 86 -51.908527
86 258 -51.908527
258 87 -52.843508
87 258 -52.843508
259 87 -46.850558
87 259 -46.850558
259 88 -46.230679
88 259 -46.230679
260 88 -47.247349
88 260 -47.247349
260 89 -47.099839
89 260 -47.099839
261 80 -49.489921
80 261 -49.489921
261 90 -41.873154
90 261 -41.873154
262 81 -45.937852
81 262 -45.937852
262 91 -48.285848
91 262 -48.285848
263 82 -52.266799
82 263 -52.266799
263 92 -54.651240
92 263 -54.651240
264 83 -54.639048
83 264 -54.639048
264 93 -41.718270
93 264 -41.718270
265 84 -40.286642
84 265 -40.286642
265 94 -51.773870
94 265 -51.773870
266 85 -53.500956
85 266 -53.500956
266 95 -46.356943
95 266 -46.356943
267 86 -48.455087
86 267 -48.455087
267 96 -49.690868
96 267 -49.690868
268 87 -51.043406
87 268 -51.043406
268 97 -44.881777
97 268 -44.881777
269 88 -46.630927
88 269 -46.630927
269 98 -54.681549
98 269 -54.681549
270 89 -42.595734
89 270 -42.595734
270 99 -47.836437
99 270 -47.836437
271 90 -48.173459
90 271 -48.173459
271 91 -42.560662
91 271 -42.560662
272 91 -48.420147
91 272 -48.420147
272 92 -40.930026
92 272 -40.930026
273 92 -42.781919
92 273 -42.781919
273 93 -44.876775
93 273 -44.876775
274 93 -47.662698
93 274 -47.662698
274 94 -49.973374
94 274 -49.973374
275 94 -40.814755
94 275 -40.814755
275 95 -42.167703
95 275 -42.167703
276 95 -48.140249
95 276 -48.140249
276 96 -41.498510
96 276 -41.498510
277 96 -41.193463
96 277 -41.193463
277 97 -50.717632
97 277 -50.717632
278 97 -45.119509
97 278 -45.119509
278 98 -49.625908
98 278 -49.625908
279 98 -42.090602
98 279 -42.090602
279 99 -43.932061
99 279 -43.932061
