9 0 -43.443000
0 9 -43.443000
9 1 -52.820197
1 9 -52.820197
9 2 -44.402108
2 9 -44.402108
9 3 -51.737516
3 9 -51.737516
9 4 -51.461176
4 9 -51.461176
9 6 -49.306834
6 9 -49.306834
10 0 -47.378709
0 10 -47.378709
10 1 -45.444059
1 10 -45.444059
10 2 -47.819854
2 10 -47.819854
10 3 -53.724442
3 10 -53.724442
10 4 -42.805986
4 10 -42.805986
10 5 -51.611826
5 10 -51.611826
10 7 -44.152233
7 10 -44.152233
11 0 -47.426315
0 11 -47.426315
11 1 -40.827423
1 11 -40.827423
11 2 -45.043119
2 11 -45.043119
11 4 -47.223741
4 11 -47.223741
11 5 -50.233575
5 11 -50.233575
11 8 -50.819599
8 11 -50.819599
12 0 -41.944030
0 12 -41.944030
12 1 -53.932512
1 12 -53.932512
12 3 -48.957685
3 12 -48.957685
12 4 -50.433162
4 12 -50.433162
12 5 -51.004437
5 12 -51.004437
12 6 -54.011415
6 12 -54.011415
12 7 -52.736879
7 12 -52.736879
13 0 -42.400149
0 13 -42.400149
13 1 -45.277883
1 13 -45.277883
13 2 -47.216849
2 13 -47.216849
13 3 -41.064462
3 13 -41.064462
13 4 -50.008159
4 13 -50.008159
13 5 -53.836240
5 13 -53.836240
13 6 -50.243384
6 13 -50.243384
13 7 -52.892128
7 13 -52.892128
13 8 -51.424023
8 13 -51.424023
14 1 -46.943221
1 14 -46.943221
14 2 -54.321877
2 14 -54.321877
14 3 -42.481233
3 14 -42.481233
14 4 -40.907073
4 14 -40.907073
14 5 -54.028175
5 14 -54.028175
14 7 -47.727579
7 14 -47.727579
14 8 -40.059661
8 14 -40.059661
15 0 -44.422270
0 15 -44.422270
15 3 -51.717043
3 15 -51.717043
15 4 -50.893892
4 15 -50.893892
15 6 -40.031550
6 15 -40.031550
15 7 -42.970828
7 15 -42.970828
15 8 -54.710563
8 15 -54.710563
16 1 -43.295924
1 16 -43.295924
16 3 -45.819575
3 16 -45.819575
16 4 -47.978303
4 16 -47.978303
16 5 -46.072552
5 16 -46.072552
16 6 -51.401766
6 16 -51.401766
16 7 -41.306353
7 16 -41.306353
16 8 -41.289328
8 16 -41.289328
17 2 -40.554207
2 17 -40.554207
17 4 -40.536191
4 17 -40.536191
17 5 -51.178111
5 17 -51.178111
17 6 -51.130595
6 17 -51.130595
17 7 -44.096636
7 17 -44.096636
17 8 -43.899043
8 17 -43.899043
