# Created by Octave 3.0.5, Tue Dec 07 20:19:28 2010 PST <rahulb@zoomzoom>
# name: A
# type: matrix
# rows: 9
# columns: 9
 0 1 1 1 1 1 1 1 1
 1 0 1 1 1 1 1 1 1
 1 1 0 1 1 1 1 1 1
 1 1 1 0 1 1 1 1 1
 1 1 1 1 0 1 1 1 1
 1 1 1 1 1 0 1 1 1
 1 1 1 1 1 1 0 1 1
 1 1 1 1 1 1 1 0 1
 1 1 1 1 1 1 1 1 0
# name: D
# type: matrix
# rows: 1
# columns: 9
 8 8 8 8 8 8 8 8 8
# name: M
# type: scalar
9
# name: N
# type: scalar
9
# name: W
# type: matrix
# rows: 9
# columns: 9
 0.1111111111111109 0.1111111111111111 0.1111111111111111 0.1111111111111111 0.1111111111111111 0.1111111111111111 0.1111111111111111 0.1111111111111111 0.1111111111111111
 0.1111111111111111 0.1111111111111109 0.1111111111111111 0.1111111111111111 0.1111111111111111 0.1111111111111111 0.1111111111111111 0.1111111111111111 0.1111111111111111
 0.1111111111111111 0.1111111111111111 0.1111111111111109 0.1111111111111111 0.1111111111111111 0.1111111111111111 0.1111111111111111 0.1111111111111111 0.1111111111111111
 0.1111111111111111 0.1111111111111111 0.1111111111111111 0.1111111111111109 0.1111111111111111 0.1111111111111111 0.1111111111111111 0.1111111111111111 0.1111111111111111
 0.1111111111111111 0.1111111111111111 0.1111111111111111 0.1111111111111111 0.1111111111111109 0.1111111111111111 0.1111111111111111 0.1111111111111111 0.1111111111111111
 0.1111111111111111 0.1111111111111111 0.1111111111111111 0.1111111111111111 0.1111111111111111 0.1111111111111109 0.1111111111111111 0.1111111111111111 0.1111111111111111
 0.1111111111111111 0.1111111111111111 0.1111111111111111 0.1111111111111111 0.1111111111111111 0.1111111111111111 0.1111111111111109 0.1111111111111111 0.1111111111111111
 0.1111111111111111 0.1111111111111111 0.1111111111111111 0.1111111111111111 0.1111111111111111 0.1111111111111111 0.1111111111111111 0.1111111111111109 0.1111111111111111
 0.1111111111111111 0.1111111111111111 0.1111111111111111 0.1111111111111111 0.1111111111111111 0.1111111111111111 0.1111111111111111 0.1111111111111111 0.1111111111111109
# name: __nargin__
# type: scalar
0
# name: a
# type: scalar
0.1890359168241966
# name: h
# type: scalar
2.3
# name: i
# type: scalar
9
# name: j
# type: scalar
8
# name: k
# type: scalar
20
# name: n
# type: scalar
3
# name: p
# type: matrix
# rows: 1
# columns: 3
 3 3 0
# name: r
# type: matrix
# rows: 1
# columns: 9
 0.8369856950193079 0.5978557756395853 0.8249495326334007 0.5702989871039658 0.9999938212038775 0.9009436163741184 0.6262667859394186 0.52474793573912 0.7756767249937456
# name: s
# type: matrix
# rows: 1
# columns: 3
 3 3 2.3
# name: u
# type: matrix
# rows: 20
# columns: 9
 1245.56754560004 1479.240482294756 1269.489614426356 1481.702697166479 2013.430638718253 1608.666784386067 1250.879046447056 1526.574615927509 1325.781910526515
 1215.849321765484 1336.854385654716 1085.908969534597 1380.369010458576 1779.032342987892 1361.736850434217 1162.961695228154 1337.556333117618 1074.394881224643
 1409.986109247556 1573.342765262618 1331.169667175958 1553.642635951341 2027.00522907808 1537.013505601348 1258.116154083192 1429.967727858826 1224.321907961871
 1149.277946885333 1432.164214620523 1238.117373749239 1354.315901799497 1880.154488893018 1554.511638668046 1095.955455019656 1415.600229606451 1223.097247783029
 1171.575969871951 1368.741824708223 1244.177194949668 1300.460867105158 1833.299235337903 1435.495879027479 1145.736368601247 1301.216868485342 1241.940331342284
 1252.637663729141 1390.05405414424 1118.880347267347 1388.363142293432 1795.770428128974 1341.848965958382 1158.327247408899 1265.763875744802 1051.92632367787
 1205.480819943145 1407.311931774322 1256.357147736299 1420.973133248151 1954.184052184188 1540.8857861939 1194.15201221047 1494.064474568162 1291.887989483419
 1385.145340531426 1509.104775658675 1227.885834413812 1587.087444015492 1950.547458681814 1432.873771682512 1235.113981831774 1427.172931420549 1108.649531478739
 1231.131246423812 1305.508403031446 1116.520287161474 1397.800710724488 1830.415390993416 1342.445955574317 1244.772594511636 1347.23630399046 1152.950643492403
 1328.204238149729 1603.816311191312 1352.810940038317 1605.353264238873 2140.144035584979 1714.687805132465 1314.948160879753 1645.78301120022 1379.484687508239
 1315.378730936151 1529.322490592438 1354.619692802459 1513.70984727386 2045.199313051721 1602.867386487997 1239.413875064338 1513.284837101992 1322.390815410261
 1353.763661219327 1515.396615355834 1222.465153242126 1567.214270319712 1975.032551407637 1452.178769157721 1257.545894719732 1442.665366431339 1159.667376120707
 1192.010789855687 1291.918856567319 1039.297078299616 1386.564958637732 1749.721971626708 1270.584609481932 1195.671859285428 1289.630706665956 1063.673458417721
 1266.894571252787 1406.637765785772 1172.353650399186 1463.288133158112 1881.907001874017 1417.125507901772 1236.390246430333 1382.656436426364 1169.048222290682
 1265.148643205639 1509.637261921848 1234.747973097527 1523.023865621349 2000.645461021272 1550.966968547542 1272.877632502289 1481.027345561186 1296.528929975229
 1220.439310690078 1371.719086085798 1211.181522462615 1462.587517004343 1965.09473223218 1513.665985296104 1302.203070753929 1528.688779999375 1323.37284758514
 1197.888732937038 1437.114439751248 1278.077303375469 1301.642923434393 1814.102547515 1457.073345708121 1021.665562712311 1253.370764371422 1139.841507016577
 1187.150020676409 1324.574593280439 1095.862915006318 1334.32509710459 1735.909367781939 1328.926595163627 1107.445500260314 1260.754761537387 1046.612208985033
 1240.139578768922 1447.754259005242 1305.973319253642 1363.170732330522 1940.21221146603 1556.581113020496 1193.724155489634 1416.494690186327 1286.25805530172
 1117.126908431449 1245.6495456276 1129.276694294145 1295.207080695473 1765.761756629184 1351.647670696024 1135.496249443646 1324.310053870661 1192.064496525492
# name: w
# type: scalar
0.1111111111111111
# name: A_j
# type: matrix
# rows: 9
# columns: 1
 0
 0
 0.1076426264800861
 0
 0.1371742112482853
 0.1589825119236884
 0.1076426264800861
 0.1589825119236884
 0.1890359168241966
# name: sources
# type: matrix
# rows: 1
# columns: 4
 5 6 8 9
# name: sensorid
# type: scalar
8
# name: I_max
# type: scalar
1600
# name: Adj
# type: matrix
# rows: 9
# columns: 9
 0 1 1 1 1 1 1 1 1
 1 0 1 1 1 1 1 1 1
 1 1 0 1 1 1 1 1 1
 1 1 1 0 1 1 1 1 1
 1 1 1 1 0 1 1 1 1
 1 1 1 1 1 0 1 1 1
 1 1 1 1 1 1 0 1 1
 1 1 1 1 1 1 1 0 1
 1 1 1 1 1 1 1 1 0
# name: Phi
# type: matrix
# rows: 1
# columns: 9
 167 119 164 114 199 180 125 104 155
# name: sum_Wik
# type: scalar
0.8888888888888891
# name: ALPHA
# type: scalar
1800
# name: indent
# type: scalar
1
# name: Model
# type: matrix
# rows: 9
# columns: 9
 0.1890359168241966 0.1589825119236884 0.1076426264800861 0.1589825119236884 0.1371742112482853 0 0.1076426264800861 0 0
 0.1589825119236884 0.1890359168241966 0.1589825119236884 0.1371742112482853 0.1589825119236884 0.1371742112482853 0 0.1076426264800861 0
 0.1076426264800861 0.1589825119236884 0.1890359168241966 0 0.1371742112482853 0.1589825119236884 0 0 0.1076426264800861
 0.1589825119236884 0.1371742112482853 0 0.1890359168241966 0.1589825119236884 0.1076426264800861 0.1589825119236884 0.1371742112482853 0
 0.1371742112482853 0.1589825119236884 0.1371742112482853 0.1589825119236884 0.1890359168241966 0.1589825119236884 0.1371742112482853 0.1589825119236884 0.1371742112482853
 0 0.1371742112482853 0.1589825119236884 0.1076426264800861 0.1589825119236884 0.1890359168241966 0 0.1371742112482853 0.1589825119236884
 0.1076426264800861 0 0 0.1589825119236884 0.1371742112482853 0 0.1890359168241966 0.1589825119236884 0.1076426264800861
 0 0.1076426264800861 0 0.1371742112482853 0.1589825119236884 0.1371742112482853 0.1589825119236884 0.1890359168241966 0.1589825119236884
 0 0 0.1076426264800861 0 0.1371742112482853 0.1589825119236884 0.1076426264800861 0.1589825119236884 0.1890359168241966
# name: sdata
# type: matrix
# rows: 9
# columns: 1
 844
 966
 923
 1585
 1124
 1034
 934
 879
 922
