100 0 -49.971685
0 100 -49.971685
100 1 -54.571274
1 100 -54.571274
100 10 -46.020137
10 100 -46.020137
100 11 -49.295591
11 100 -49.295591
101 0 -49.346224
0 101 -49.346224
101 1 -41.228127
1 101 -41.228127
101 2 -46.576356
2 101 -46.576356
101 10 -42.731318
10 101 -42.731318
101 11 -48.867346
11 101 -48.867346
101 12 -47.940009
12 101 -47.940009
102 1 -41.914953
1 102 -41.914953
102 2 -41.661011
2 102 -41.661011
102 3 -48.941168
3 102 -48.941168
102 11 -41.192714
11 102 -41.192714
102 12 -48.241967
12 102 -48.241967
102 13 -46.702506
13 102 -46.702506
103 2 -51.638988
2 103 -51.638988
103 3 -53.208784
3 103 -53.208784
103 4 -41.340802
4 103 -41.340802
103 12 -41.190812
12 103 -41.190812
103 13 -45.843331
13 103 -45.843331
103 14 -54.226258
14 103 -54.226258
104 3 -50.980163
3 104 -50.980163
104 4 -44.755571
4 104 -44.755571
104 5 -41.771623
5 104 -41.771623
104 13 -40.052449
13 104 -40.052449
104 14 -43.533546
14 104 -43.533546
104 15 -40.354102
15 104 -40.354102
105 4 -54.496410
4 105 -54.496410
105 5 -49.047857
5 105 -49.047857
105 6 -48.273428
6 105 -48.273428
105 14 -51.894888
14 105 -51.894888
105 15 -43.582334
15 105 -43.582334
105 16 -49.858425
16 105 -49.858425
106 5 -46.382828
5 106 -46.382828
106 6 -47.705646
6 106 -47.705646
106 7 -54.837703
7 106 -54.837703
106 15 -43.318514
15 106 -43.318514
106 16 -51.744774
16 106 -51.744774
106 17 -51.998804
17 106 -51.998804
107 6 -46.952430
6 107 -46.952430
107 7 -49.134458
7 107 -49.134458
107 8 -50.228437
8 107 -50.228437
107 16 -53.291656
16 107 -53.291656
107 17 -53.609903
17 107 -53.609903
107 18 -43.864569
18 107 -43.864569
108 7 -45.829068
7 108 -45.829068
108 8 -47.684485
8 108 -47.684485
108 9 -54.231315
9 108 -54.231315
108 17 -43.110315
17 108 -43.110315
108 18 -46.229640
18 108 -46.229640
108 19 -54.910906
19 108 -54.910906
109 8 -53.547486
8 109 -53.547486
109 9 -45.105284
9 109 -45.105284
109 18 -42.486329
18 109 -42.486329
109 19 -52.107991
19 109 -52.107991
110 0 -53.215148
0 110 -53.215148
110 1 -42.775920
1 110 -42.775920
110 10 -50.069776
10 110 -50.069776
110 11 -48.742454
11 110 -48.742454
110 20 -43.193116
20 110 -43.193116
110 21 -43.888633
21 110 -43.888633
111 0 -46.704954
0 111 -46.704954
111 1 -51.258952
1 111 -51.258952
111 2 -44.107168
2 111 -44.107168
111 10 -54.756901
10 111 -54.756901
111 11 -49.109884
11 111 -49.109884
111 12 -43.472104
12 111 -43.472104
111 20 -52.459278
20 111 -52.459278
111 21 -44.992024
21 111 -44.992024
111 22 -44.512784
22 111 -44.512784
112 1 -51.511009
1 112 -51.511009
112 2 -40.922839
2 112 -40.922839
112 3 -41.597848
3 112 -41.597848
112 11 -52.184306
11 112 -52.184306
112 12 -49.460010
12 112 -49.460010
112 13 -54.160850
13 112 -54.160850
112 21 -45.755952
21 112 -45.755952
112 22 -47.610884
22 112 -47.610884
112 23 -42.557608
23 112 -42.557608
113 2 -53.568288
2 113 -53.568288
113 3 -52.539921
3 113 -52.539921
113 4 -43.664165
4 113 -43.664165
113 12 -49.837749
12 113 -49.837749
113 13 -52.656544
13 113 -52.656544
113 14 -48.356320
14 113 -48.356320
113 22 -52.955842
22 113 -52.955842
113 23 -48.406524
23 113 -48.406524
113 24 -52.809665
24 113 -52.809665
114 3 -47.195650
3 114 -47.195650
114 4 -45.951933
4 114 -45.951933
114 5 -46.923189
5 114 -46.923189
114 13 -46.516396
13 114 -46.516396
114 14 -54.565294
14 114 -54.565294
114 15 -43.710293
15 114 -43.710293
114 23 -48.040780
23 114 -48.040780
114 24 -40.614532
24 114 -40.614532
114 25 -50.692293
25 114 -50.692293
115 4 -49.276544
4 115 -49.276544
115 5 -50.478362
5 115 -50.478362
115 6 -43.445415
6 115 -43.445415
115 14 -43.201656
14 115 -43.201656
115 15 -45.572553
15 115 -45.572553
115 16 -44.271774
16 115 -44.271774
115 24 -40.102566
24 115 -40.102566
115 25 -50.876440
25 115 -50.876440
115 26 -45.697228
26 115 -45.697228
116 5 -54.522064
5 116 -54.522064
116 6 -51.595982
6 116 -51.595982
116 7 -42.827684
7 116 -42.827684
116 15 -50.730613
15 116 -50.730613
116 16 -50.610495
16 116 -50.610495
116 17 -47.993933
17 116 -47.993933
116 25 -44.704296
25 116 -44.704296
116 26 -43.488317
26 116 -43.488317
116 27 -45.602923
27 116 -45.602923
117 6 -52.606765
6 117 -52.606765
117 7 -46.535301
7 117 -46.535301
117 8 -50.798884
8 117 -50.798884
117 16 -42.026158
16 117 -42.026158
117 17 -51.467199
17 117 -51.467199
117 18 -41.780779
18 117 -41.780779
117 26 -51.357416
26 117 -51.357416
117 27 -53.922022
27 117 -53.922022
117 28 -49.733406
28 117 -49.733406
118 7 -44.030774
7 118 -44.030774
118 8 -43.968151
8 118 -43.968151
118 9 -43.506861
9 118 -43.506861
118 17 -41.764485
17 118 -41.764485
118 18 -41.190371
18 118 -41.190371
118 19 -49.187949
19 118 -49.187949
118 27 -45.196019
27 118 -45.196019
118 28 -45.384059
28 118 -45.384059
118 29 -52.768801
29 118 -52.768801
119 8 -48.369041
8 119 -48.369041
119 9 -50.167851
9 119 -50.167851
119 18 -45.158054
18 119 -45.158054
119 19 -52.099171
19 119 -52.099171
119 28 -53.313454
28 119 -53.313454
119 29 -49.917924
29 119 -49.917924
120 10 -51.376952
10 120 -51.376952
120 11 -44.916622
11 120 -44.916622
120 20 -54.034058
20 120 -54.034058
120 21 -43.416150
21 120 -43.416150
120 30 -50.937524
30 120 -50.937524
120 31 -54.922328
31 120 -54.922328
121 10 -54.778998
10 121 -54.778998
121 11 -43.626200
11 121 -43.626200
121 12 -51.343003
12 121 -51.343003
121 20 -51.821187
20 121 -51.821187
121 21 -40.244315
21 121 -40.244315
121 22 -52.251714
22 121 -52.251714
121 30 -41.210469
30 121 -41.210469
121 31 -46.367297
31 121 -46.367297
121 32 -44.344288
32 121 -44.344288
122 11 -50.895946
11 122 -50.895946
122 12 -47.079881
12 122 -47.079881
122 13 -50.017868
13 122 -50.017868
122 21 -54.855411
21 122 -54.855411
122 22 -48.230180
22 122 -48.230180
122 23 -43.081148
23 122 -43.081148
122 31 -40.144912
31 122 -40.144912
122 32 -53.193713
32 122 -53.193713
122 33 -46.728167
33 122 -46.728167
123 12 -45.252321
12 123 -45.252321
123 13 -54.851051
13 123 -54.851051
123 14 -45.898011
14 123 -45.898011
123 22 -44.426858
22 123 -44.426858
123 23 -40.774919
23 123 -40.774919
123 24 -53.716124
24 123 -53.716124
123 32 -47.015311
32 123 -47.015311
123 33 -41.337013
33 123 -41.337013
123 34 -54.360180
34 123 -54.360180
124 13 -40.322802
13 124 -40.322802
124 14 -52.211054
14 124 -52.211054
124 15 -41.483645
15 124 -41.483645
124 23 -50.980597
23 124 -50.980597
124 24 -50.444249
24 124 -50.444249
124 25 -50.573603
25 124 -50.573603
124 33 -43.923933
33 124 -43.923933
124 34 -47.729574
34 124 -47.729574
124 35 -51.917474
35 124 -51.917474
125 14 -44.498152
14 125 -44.498152
125 15 -54.971850
15 125 -54.971850
125 16 -53.333218
16 125 -53.333218
125 24 -40.320709
24 125 -40.320709
125 25 -40.762170
25 125 -40.762170
125 26 -48.274081
26 125 -48.274081
125 34 -51.691763
34 125 -51.691763
125 35 -51.415418
35 125 -51.415418
125 36 -50.066928
36 125 -50.066928
126 15 -50.075943
15 126 -50.075943
126 16 -44.171552
16 126 -44.171552
126 17 -46.352574
17 126 -46.352574
126 25 -43.657417
25 126 -43.657417
126 26 -54.769153
26 126 -54.769153
126 27 -41.739965
27 126 -41.739965
126 35 -48.086404
35 126 -48.086404
126 36 -42.531888
36 126 -42.531888
126 37 -54.296668
37 126 -54.296668
127 16 -49.300609
16 127 -49.300609
127 17 -48.924330
17 127 -48.924330
127 18 -45.268941
18 127 -45.268941
127 26 -41.453533
26 127 -41.453533
127 27 -52.558568
27 127 -52.558568
127 28 -52.441065
28 127 -52.441065
127 36 -50.130993
36 127 -50.130993
127 37 -40.453586
37 127 -40.453586
127 38 -44.826479
38 127 -44.826479
128 17 -53.707230
17 128 -53.707230
128 18 -43.717006
18 128 -43.717006
128 19 -49.875098
19 128 -49.875098
128 27 -53.409889
27 128 -53.409889
128 28 -48.884943
28 128 -48.884943
128 29 -51.625964
29 128 -51.625964
128 37 -40.778295
37 128 -40.778295
128 38 -42.764642
38 128 -42.764642
128 39 -51.222684
39 128 -51.222684
129 18 -52.137616
18 129 -52.137616
129 19 -53.601376
19 129 -53.601376
129 28 -48.987842
28 129 -48.987842
129 29 -51.272391
29 129 -51.272391
129 38 -51.482475
38 129 -51.482475
129 39 -47.265708
39 129 -47.265708
130 20 -52.158019
20 130 -52.158019
130 21 -46.025505
21 130 -46.025505
130 30 -42.308632
30 130 -42.308632
130 31 -47.462249
31 130 -47.462249
130 40 -40.102617
40 130 -40.102617
130 41 -54.629110
41 130 -54.629110
131 20 -42.782556
20 131 -42.782556
131 21 -50.308546
21 131 -50.308546
131 22 -45.327733
22 131 -45.327733
131 30 -51.888817
30 131 -51.888817
131 31 -41.277654
31 131 -41.277654
131 32 -47.573641
32 131 -47.573641
131 40 -44.817046
40 131 -44.817046
131 41 -41.510499
41 131 -41.510499
131 42 -50.238990
42 131 -50.238990
132 21 -43.890308
21 132 -43.890308
132 22 -52.483496
22 132 -52.483496
132 23 -51.787781
23 132 -51.787781
132 31 -51.763110
31 132 -51.763110
132 32 -43.219287
32 132 -43.219287
132 33 -47.694684
33 132 -47.694684
132 41 -46.168313
41 132 -46.168313
132 42 -42.159247
42 132 -42.159247
132 43 -45.043780
43 132 -45.043780
133 22 -51.246401
22 133 -51.246401
133 23 -46.904261
23 133 -46.904261
133 24 -52.927545
24 133 -52.927545
133 32 -43.765784
32 133 -43.765784
133 33 -52.133735
33 133 -52.133735
133 34 -43.645699
34 133 -43.645699
133 42 -43.768633
42 133 -43.768633
133 43 -46.911390
43 133 -46.911390
133 44 -48.569242
44 133 -48.569242
134 23 -53.324066
23 134 -53.324066
134 24 -51.587456
24 134 -51.587456
134 25 -52.329507
25 134 -52.329507
134 33 -47.598894
33 134 -47.598894
134 34 -45.770846
34 134 -45.770846
134 35 -52.005232
35 134 -52.005232
134 43 -51.406753
43 134 -51.406753
134 44 -47.336621
44 134 -47.336621
134 45 -46.662666
45 134 -46.662666
135 24 -47.328534
24 135 -47.328534
135 25 -40.311699
25 135 -40.311699
135 26 -52.503426
26 135 -52.503426
135 34 -48.587448
34 135 -48.587448
135 35 -42.159194
35 135 -42.159194
135 36 -53.850336
36 135 -53.850336
135 44 -54.589631
44 135 -54.589631
135 45 -53.783191
45 135 -53.783191
135 46 -43.665946
46 135 -43.665946
136 25 -42.595749
25 136 -42.595749
136 26 -42.688382
26 136 -42.688382
136 27 -51.053053
27 136 -51.053053
136 35 -46.876602
35 136 -46.876602
136 36 -52.872143
36 136 -52.872143
136 37 -46.558117
37 136 -46.558117
136 45 -53.852166
45 136 -53.852166
136 46 -45.602857
46 136 -45.602857
136 47 -48.344516
47 136 -48.344516
137 26 -42.839897
26 137 -42.839897
137 27 -52.923128
27 137 -52.923128
137 28 -40.665672
28 137 -40.665672
137 36 -45.251168
36 137 -45.251168
137 37 -45.613365
37 137 -45.613365
137 38 -50.063761
38 137 -50.063761
137 46 -53.073686
46 137 -53.073686
137 47 -44.015131
47 137 -44.015131
137 48 -40.457188
48 137 -40.457188
138 27 -44.171793
27 138 -44.171793
138 28 -41.256802
28 138 -41.256802
138 29 -54.815410
29 138 -54.815410
138 37 -44.575009
37 138 -44.575009
138 38 -40.255288
38 138 -40.255288
138 39 -40.689302
39 138 -40.689302
138 47 -42.514083
47 138 -42.514083
138 48 -40.419279
48 138 -40.419279
138 49 -51.369546
49 138 -51.369546
139 28 -51.832194
28 139 -51.832194
139 29 -44.594132
29 139 -44.594132
139 38 -52.792357
38 139 -52.792357
139 39 -54.264079
39 139 -54.264079
139 48 -40.872720
48 139 -40.872720
139 49 -50.570960
49 139 -50.570960
140 30 -43.065217
30 140 -43.065217
140 31 -47.565980
31 140 -47.565980
140 40 -45.800303
40 140 -45.800303
140 41 -52.153203
41 140 -52.153203
140 50 -47.757744
50 140 -47.757744
140 51 -53.412519
51 140 -53.412519
141 30 -45.734711
30 141 -45.734711
141 31 -42.774987
31 141 -42.774987
141 32 -44.773864
32 141 -44.773864
141 40 -48.331870
40 141 -48.331870
141 41 -43.094279
41 141 -43.094279
141 42 -45.316916
42 141 -45.316916
141 50 -50.131863
50 141 -50.131863
141 51 -50.268026
51 141 -50.268026
141 52 -49.539474
52 141 -49.539474
142 31 -45.226235
31 142 -45.226235
142 32 -51.712866
32 142 -51.712866
142 33 -45.547238
33 142 -45.547238
142 41 -49.271608
41 142 -49.271608
142 42 -40.025346
42 142 -40.025346
142 43 -43.026832
43 142 -43.026832
142 51 -48.352549
51 142 -48.352549
142 52 -52.721004
52 142 -52.721004
142 53 -41.276720
53 142 -41.276720
143 32 -45.177573
32 143 -45.177573
143 33 -46.407265
33 143 -46.407265
143 34 -41.415249
34 143 -41.415249
143 42 -49.043514
42 143 -49.043514
143 43 -47.056488
43 143 -47.056488
143 44 -41.410379
44 143 -41.410379
143 52 -41.413641
52 143 -41.413641
143 53 -54.570173
53 143 -54.570173
143 54 -52.165491
54 143 -52.165491
144 33 -48.481105
33 144 -48.481105
144 34 -49.353494
34 144 -49.353494
144 35 -42.421411
35 144 -42.421411
144 43 -43.407526
43 144 -43.407526
144 44 -48.805563
44 144 -48.805563
144 45 -52.985714
45 144 -52.985714
144 53 -41.257155
53 144 -41.257155
144 54 -45.129285
54 144 -45.129285
144 55 -44.989851
55 144 -44.989851
145 34 -42.059742
34 145 -42.059742
145 35 -42.696395
35 145 -42.696395
145 36 -51.653053
36 145 -51.653053
145 44 -46.362347
44 145 -46.362347
145 45 -47.399986
45 145 -47.399986
145 46 -46.528221
46 145 -46.528221
145 54 -50.759925
54 145 -50.759925
145 55 -43.192813
55 145 -43.192813
145 56 -47.686973
56 145 -47.686973
146 35 -48.244416
35 146 -48.244416
146 36 -43.806244
36 146 -43.806244
146 37 -51.858437
37 146 -51.858437
146 45 -54.549795
45 146 -54.549795
146 46 -51.695246
46 146 -51.695246
146 47 -42.164759
47 146 -42.164759
146 55 -48.125983
55 146 -48.125983
146 56 -40.667921
56 146 -40.667921
146 57 -48.510254
57 146 -48.510254
147 36 -48.356794
36 147 -48.356794
147 37 -48.967219
37 147 -48.967219
147 38 -41.421878
38 147 -41.421878
147 46 -50.609359
46 147 -50.609359
147 47 -47.544754
47 147 -47.544754
147 48 -43.779798
48 147 -43.779798
147 56 -53.195024
56 147 -53.195024
147 57 -49.937708
57 147 -49.937708
147 58 -45.437711
58 147 -45.437711
148 37 -43.669605
37 148 -43.669605
148 38 -52.815659
38 148 -52.815659
148 39 -40.360717
39 148 -40.360717
148 47 -50.087099
47 148 -50.087099
148 48 -52.972039
48 148 -52.972039
148 49 -46.703334
49 148 -46.703334
148 57 -41.611567
57 148 -41.611567
148 58 -45.309646
58 148 -45.309646
148 59 -41.049937
59 148 -41.049937
149 38 -50.550429
38 149 -50.550429
149 39 -51.497318
39 149 -51.497318
149 48 -51.017178
48 149 -51.017178
149 49 -47.443645
49 149 -47.443645
149 58 -48.341459
58 149 -48.341459
149 59 -52.195178
59 149 -52.195178
150 40 -52.486885
40 150 -52.486885
150 41 -44.626092
41 150 -44.626092
150 50 -52.825433
50 150 -52.825433
150 51 -40.309456
51 150 -40.309456
150 60 -51.925472
60 150 -51.925472
150 61 -49.772887
61 150 -49.772887
151 40 -43.607974
40 151 -43.607974
151 41 -43.079968
41 151 -43.079968
151 42 -44.865296
42 151 -44.865296
151 50 -43.682447
50 151 -43.682447
151 51 -52.428587
51 151 -52.428587
151 52 -52.858598
52 151 -52.858598
151 60 -43.576887
60 151 -43.576887
151 61 -42.660284
61 151 -42.660284
151 62 -54.826640
62 151 -54.826640
152 41 -52.164311
41 152 -52.164311
152 42 -49.045106
42 152 -49.045106
152 43 -48.166753
43 152 -48.166753
152 51 -46.093005
51 152 -46.093005
152 52 -53.349195
52 152 -53.349195
152 53 -43.287087
53 152 -43.287087
152 61 -48.711508
61 152 -48.711508
152 62 -51.447105
62 152 -51.447105
152 63 -51.356698
63 152 -51.356698
153 42 -50.614669
42 153 -50.614669
153 43 -54.552077
43 153 -54.552077
153 44 -41.982363
44 153 -41.982363
153 52 -40.174873
52 153 -40.174873
153 53 -41.546762
53 153 -41.546762
153 54 -41.952218
54 153 -41.952218
153 62 -43.387944
62 153 -43.387944
153 63 -46.345659
63 153 -46.345659
153 64 -52.357583
64 153 -52.357583
154 43 -54.890358
43 154 -54.890358
154 44 -54.089629
44 154 -54.089629
154 45 -50.345183
45 154 -50.345183
154 53 -45.036062
53 154 -45.036062
154 54 -53.729286
54 154 -53.729286
154 55 -51.058288
55 154 -51.058288
154 63 -51.955866
63 154 -51.955866
154 64 -45.614205
64 154 -45.614205
154 65 -43.825982
65 154 -43.825982
155 44 -54.468158
44 155 -54.468158
155 45 -52.487975
45 155 -52.487975
155 46 -49.653595
46 155 -49.653595
155 54 -44.636553
54 155 -44.636553
155 55 -46.136307
55 155 -46.136307
155 56 -49.940000
56 155 -49.940000
155 64 -50.579905
64 155 -50.579905
155 65 -47.388043
65 155 -47.388043
155 66 -51.970699
66 155 -51.970699
156 45 -52.716108
45 156 -52.716108
156 46 -47.786026
46 156 -47.786026
156 47 -54.886011
47 156 -54.886011
156 55 -44.331657
55 156 -44.331657
156 56 -45.253404
56 156 -45.253404
156 57 -49.199880
57 156 -49.199880
156 65 -40.414070
65 156 -40.414070
156 66 -41.695082
66 156 -41.695082
156 67 -46.493284
67 156 -46.493284
157 46 -46.838793
46 157 -46.838793
157 47 -50.247120
47 157 -50.247120
157 48 -44.548891
48 157 -44.548891
157 56 -46.029952
56 157 -46.029952
157 57 -45.648089
57 157 -45.648089
157 58 -40.437269
58 157 -40.437269
157 66 -49.633727
66 157 -49.633727
157 67 -42.677282
67 157 -42.677282
157 68 -54.776983
68 157 -54.776983
158 47 -52.597090
47 158 -52.597090
158 48 -43.718979
48 158 -43.718979
158 49 -42.802411
49 158 -42.802411
158 57 -45.593337
57 158 -45.593337
158 58 -53.020532
58 158 -53.020532
158 59 -52.549983
59 158 -52.549983
158 67 -47.535094
67 158 -47.535094
158 68 -47.115157
68 158 -47.115157
158 69 -44.394591
69 158 -44.394591
159 48 -47.528936
48 159 -47.528936
159 49 -54.870598
49 159 -54.870598
159 58 -52.625414
58 159 -52.625414
159 59 -48.336477
59 159 -48.336477
159 68 -52.927811
68 159 -52.927811
159 69 -42.728807
69 159 -42.728807
160 50 -40.675223
50 160 -40.675223
160 51 -51.711948
51 160 -51.711948
160 60 -46.860342
60 160 -46.860342
160 61 -53.274341
61 160 -53.274341
160 70 -40.522850
70 160 -40.522850
160 71 -45.142026
71 160 -45.142026
161 50 -51.784906
50 161 -51.784906
161 51 -46.293180
51 161 -46.293180
161 52 -45.863392
52 161 -45.863392
161 60 -40.695429
60 161 -40.695429
161 61 -45.567145
61 161 -45.567145
161 62 -44.423488
62 161 -44.423488
161 70 -51.342697
70 161 -51.342697
161 71 -49.094976
71 161 -49.094976
161 72 -44.814148
72 161 -44.814148
162 51 -42.747798
51 162 -42.747798
162 52 -53.658123
52 162 -53.658123
162 53 -53.079849
53 162 -53.079849
162 61 -46.443342
61 162 -46.443342
162 62 -54.819971
62 162 -54.819971
162 63 -47.820245
63 162 -47.820245
162 71 -42.995823
71 162 -42.995823
162 72 -47.712858
72 162 -47.712858
162 73 -41.496183
73 162 -41.496183
163 52 -45.915376
52 163 -45.915376
163 53 -46.572417
53 163 -46.572417
163 54 -51.594164
54 163 -51.594164
163 62 -43.052062
62 163 -43.052062
163 63 -40.538958
63 163 -40.538958
163 64 -54.652684
64 163 -54.652684
163 72 -45.669340
72 163 -45.669340
163 73 -43.574601
73 163 -43.574601
163 74 -47.430842
74 163 -47.430842
164 53 -43.150929
53 164 -43.150929
164 54 -50.138024
54 164 -50.138024
164 55 -52.790687
55 164 -52.790687
164 63 -54.431702
63 164 -54.431702
164 64 -51.103557
64 164 -51.103557
164 65 -47.517027
65 164 -47.517027
164 73 -48.572021
73 164 -48.572021
164 74 -53.629701
74 164 -53.629701
164 75 -44.394150
75 164 -44.394150
165 54 -46.530204
54 165 -46.530204
165 55 -47.408303
55 165 -47.408303
165 56 -41.738555
56 165 -41.738555
165 64 -43.001415
64 165 -43.001415
165 65 -50.599262
65 165 -50.599262
165 66 -40.762429
66 165 -40.762429
165 74 -42.778160
74 165 -42.778160
165 75 -49.820415
75 165 -49.820415
165 76 -52.339585
76 165 -52.339585
166 55 -48.487497
55 166 -48.487497
166 56 -47.156542
56 166 -47.156542
166 57 -45.841142
57 166 -45.841142
166 65 -50.944604
65 166 -50.944604
166 66 -48.993575
66 166 -48.993575
166 67 -46.332095
67 166 -46.332095
166 75 -53.934445
75 166 -53.934445
166 76 -43.139542
76 166 -43.139542
166 77 -53.243792
77 166 -53.243792
167 56 -45.611030
56 167 -45.611030
167 57 -50.850538
57 167 -50.850538
167 58 -40.477228
58 167 -40.477228
167 66 -44.194406
66 167 -44.194406
167 67 -44.934047
67 167 -44.934047
167 68 -46.412206
68 167 -46.412206
167 76 -40.647326
76 167 -40.647326
167 77 -51.939165
77 167 -51.939165
167 78 -41.673265
78 167 -41.673265
168 57 -44.755572
57 168 -44.755572
168 58 -45.190312
58 168 -45.190312
168 59 -54.734620
59 168 -54.734620
168 67 -46.835227
67 168 -46.835227
168 68 -53.830125
68 168 -53.830125
168 69 -53.840843
69 168 -53.840843
168 77 -45.032258
77 168 -45.032258
168 78 -50.287420
78 168 -50.287420
168 79 -44.349006
79 168 -44.349006
169 58 -54.102347
58 169 -54.102347
169 59 -40.837087
59 169 -40.837087
169 68 -40.013523
68 169 -40.013523
169 69 -45.348570
69 169 -45.348570
169 78 -52.910236
78 169 -52.910236
169 79 -54.724308
79 169 -54.724308
170 60 -49.350854
60 170 -49.350854
170 61 -51.134140
61 170 -51.134140
170 70 -48.318246
70 170 -48.318246
170 71 -40.831771
71 170 -40.831771
170 80 -45.159912
80 170 -45.159912
170 81 -47.903219
81 170 -47.903219
171 60 -42.974839
60 171 -42.974839
171 61 -47.669077
61 171 -47.669077
171 62 -44.579862
62 171 -44.579862
171 70 -41.139618
70 171 -41.139618
171 71 -48.036890
71 171 -48.036890
171 72 -45.421387
72 171 -45.421387
171 80 -43.947625
80 171 -43.947625
171 81 -46.698190
81 171 -46.698190
171 82 -44.427628
82 171 -44.427628
172 61 -41.456597
61 172 -41.456597
172 62 -51.695509
62 172 -51.695509
172 63 -42.578707
63 172 -42.578707
172 71 -50.667696
71 172 -50.667696
172 72 -49.168482
72 172 -49.168482
172 73 -44.834188
73 172 -44.834188
172 81 -41.037490
81 172 -41.037490
172 82 -49.327931
82 172 -49.327931
172 83 -50.018519
83 172 -50.018519
173 62 -41.653094
62 173 -41.653094
173 63 -43.705979
63 173 -43.705979
173 64 -47.337890
64 173 -47.337890
173 72 -42.664165
72 173 -42.664165
173 73 -50.662413
73 173 -50.662413
173 74 -44.067510
74 173 -44.067510
173 82 -47.432927
82 173 -47.432927
173 83 -47.844373
83 173 -47.844373
173 84 -40.943953
84 173 -40.943953
174 63 -54.603417
63 174 -54.603417
174 64 -50.350326
64 174 -50.350326
174 65 -51.156546
65 174 -51.156546
174 73 -49.470674
73 174 -49.470674
174 74 -43.544545
74 174 -43.544545
174 75 -49.806948
75 174 -49.806948
174 83 -48.130521
83 174 -48.130521
174 84 -42.368880
84 174 -42.368880
174 85 -46.768500
85 174 -46.768500
175 64 -44.876288
64 175 -44.876288
175 65 -54.211837
65 175 -54.211837
175 66 -52.002268
66 175 -52.002268
175 74 -46.635938
74 175 -46.635938
175 75 -51.915380
75 175 -51.915380
175 76 -51.701524
76 175 -51.701524
175 84 -45.608017
84 175 -45.608017
175 85 -40.571940
85 175 -40.571940
175 86 -42.185416
86 175 -42.185416
176 65 -42.548722
65 176 -42.548722
176 66 -51.014259
66 176 -51.014259
176 67 -40.944769
67 176 -40.944769
176 75 -44.852727
75 176 -44.852727
176 76 -42.682613
76 176 -42.682613
176 77 -51.985175
77 176 -51.985175
176 85 -51.567283
85 176 -51.567283
176 86 -44.815768
86 176 -44.815768
176 87 -48.536066
87 176 -48.536066
177 66 -49.750542
66 177 -49.750542
177 67 -40.463729
67 177 -40.463729
177 68 -48.283860
68 177 -48.283860
177 76 -49.900687
76 177 -49.900687
177 77 -40.005655
77 177 -40.005655
177 78 -44.201900
78 177 -44.201900
177 86 -41.383261
86 177 -41.383261
177 87 -45.765782
87 177 -45.765782
177 88 -48.578569
88 177 -48.578569
178 67 -48.680274
67 178 -48.680274
178 68 -51.475019
68 178 -51.475019
178 69 -47.362362
69 178 -47.362362
178 77 -44.209976
77 178 -44.209976
178 78 -52.895180
78 178 -52.895180
178 79 -54.823921
79 178 -54.823921
178 87 -46.559044
87 178 -46.559044
178 88 -40.479032
88 178 -40.479032
178 89 -54.127843
89 178 -54.127843
179 68 -52.416834
68 179 -52.416834
179 69 -42.394371
69 179 -42.394371
179 78 -44.375848
78 179 -44.375848
179 79 -45.193389
79 179 -45.193389
179 88 -42.461145
88 179 -42.461145
179 89 -48.014945
89 179 -48.014945
180 70 -44.615652
70 180 -44.615652
180 71 -51.952874
71 180 -51.952874
180 80 -42.855255
80 180 -42.855255
180 81 -50.271716
81 180 -50.271716
180 90 -54.260009
90 180 -54.260009
180 91 -52.301451
91 180 -52.301451
181 70 -40.610666
70 181 -40.610666
181 71 -40.742233
71 181 -40.742233
181 72 -51.321839
72 181 -51.321839
181 80 -44.251410
80 181 -44.251410
181 81 -44.493536
81 181 -44.493536
181 82 -49.972042
82 181 -49.972042
181 90 -48.772063
90 181 -48.772063
181 91 -40.438233
91 181 -40.438233
181 92 -49.452812
92 181 -49.452812
182 71 -50.981124
71 182 -50.981124
182 72 -53.562080
72 182 -53.562080
182 73 -45.441122
73 182 -45.441122
182 81 -52.623170
81 182 -52.623170
182 82 -53.270916
82 182 -53.270916
182 83 -43.453356
83 182 -43.453356
182 91 -52.590035
91 182 -52.590035
182 92 -41.084663
92 182 -41.084663
182 93 -53.044033
93 182 -53.044033
183 72 -40.613903
72 183 -40.613903
183 73 -53.101170
73 183 -53.101170
183 74 -45.916740
74 183 -45.916740
183 82 -52.458336
82 183 -52.458336
183 83 -42.363096
83 183 -42.363096
183 84 -54.662689
84 183 -54.662689
183 92 -40.250581
92 183 -40.250581
183 93 -49.547016
93 183 -49.547016
183 94 -53.081145
94 183 -53.081145
184 73 -53.847920
73 184 -53.847920
184 74 -50.191841
74 184 -50.191841
184 75 -40.251793
75 184 -40.251793
184 83 -50.373918
83 184 -50.373918
184 84 -52.905213
84 184 -52.905213
184 85 -48.621225
85 184 -48.621225
184 93 -45.072779
93 184 -45.072779
184 94 -41.420957
94 184 -41.420957
184 95 -49.060567
95 184 -49.060567
185 74 -44.704651
74 185 -44.704651
185 75 -53.751339
75 185 -53.751339
185 76 -50.287256
76 185 -50.287256
185 84 -42.822529
84 185 -42.822529
185 85 -43.620913
85 185 -43.620913
185 86 -52.513381
86 185 -52.513381
185 94 -51.566900
94 185 -51.566900
185 95 -43.890169
95 185 -43.890169
185 96 -40.055647
96 185 -40.055647
186 75 -49.440133
75 186 -49.440133
186 76 -53.342527
76 186 -53.342527
186 77 -45.311800
77 186 -45.311800
186 85 -45.388818
85 186 -45.388818
186 86 -48.491605
86 186 -48.491605
186 87 -42.459330
87 186 -42.459330
186 95 -49.826679
95 186 -49.826679
186 96 -45.931597
96 186 -45.931597
186 97 -48.185745
97 186 -48.185745
187 76 -46.741203
76 187 -46.741203
187 77 -48.188265
77 187 -48.188265
187 78 -41.758191
78 187 -41.758191
187 86 -44.758514
86 187 -44.758514
187 87 -51.641269
87 187 -51.641269
187 88 -45.583706
88 187 -45.583706
187 96 -43.045706
96 187 -43.045706
187 97 -40.122478
97 187 -40.122478
187 98 -47.534689
98 187 -47.534689
188 77 -42.214254
77 188 -42.214254
188 78 -43.303770
78 188 -43.303770
188 79 -50.682355
79 188 -50.682355
188 87 -45.089478
87 188 -45.089478
188 88 -43.479280
88 188 -43.479280
188 89 -53.902301
89 188 -53.902301
188 97 -44.764157
97 188 -44.764157
188 98 -51.888965
98 188 -51.888965
188 99 -43.010678
99 188 -43.010678
189 78 -52.770132
78 189 -52.770132
189 79 -51.894116
79 189 -51.894116
189 88 -53.816519
88 189 -53.816519
189 89 -46.516372
89 189 -46.516372
189 98 -49.513516
98 189 -49.513516
189 99 -45.376416
99 189 -45.376416
190 80 -51.169920
80 190 -51.169920
190 81 -54.008854
81 190 -54.008854
190 90 -51.609852
90 190 -51.609852
190 91 -51.240656
91 190 -51.240656
191 80 -46.168288
80 191 -46.168288
191 81 -42.586496
81 191 -42.586496
191 82 -49.240620
82 191 -49.240620
191 90 -51.274662
90 191 -51.274662
191 91 -52.706371
91 191 -52.706371
191 92 -49.560646
92 191 -49.560646
192 81 -42.855944
81 192 -42.855944
192 82 -45.047822
82 192 -45.047822
192 83 -44.690723
83 192 -44.690723
192 91 -53.660920
91 192 -53.660920
192 92 -54.304024
92 192 -54.304024
192 93 -53.043910
93 192 -53.043910
193 82 -48.302620
82 193 -48.302620
193 83 -52.844852
83 193 -52.844852
193 84 -45.329468
84 193 -45.329468
193 92 -48.628694
92 193 -48.628694
193 93 -47.953240
93 193 -47.953240
193 94 -51.397112
94 193 -51.397112
194 83 -53.315776
83 194 -53.315776
194 84 -53.519153
84 194 -53.519153
194 85 -54.861573
85 194 -54.861573
194 93 -45.719111
93 194 -45.719111
194 94 -54.295816
94 194 -54.295816
194 95 -40.421187
95 194 -40.421187
195 84 -54.993963
84 195 -54.993963
195 85 -50.139131
85 195 -50.139131
195 86 -43.822366
86 195 -43.822366
195 94 -44.238026
94 195 -44.238026
195 95 -45.185541
95 195 -45.185541
195 96 -51.625304
96 195 -51.625304
196 85 -45.273716
85 196 -45.273716
196 86 -50.065069
86 196 -50.065069
196 87 -51.917011
87 196 -51.917011
196 95 -52.008469
95 196 -52.008469
196 96 -45.572233
96 196 -45.572233
196 97 -53.257210
97 196 -53.257210
197 86 -40.540258
86 197 -40.540258
197 87 -49.140078
87 197 -49.140078
197 88 -52.203694
88 197 -52.203694
197 96 -50.946032
96 197 -50.946032
197 97 -53.331050
97 197 -53.331050
197 98 -43.351934
98 197 -43.351934
198 87 -40.361417
87 198 -40.361417
198 88 -44.863614
88 198 -44.863614
198 89 -44.678827
89 198 -44.678827
198 97 -47.995478
97 198 -47.995478
198 98 -42.799514
98 198 -42.799514
198 99 -49.143993
99 198 -49.143993
199 88 -44.123248
88 199 -44.123248
199 89 -46.287202
89 199 -46.287202
199 98 -41.307847
98 199 -41.307847
199 99 -45.705663
99 199 -45.705663
