9 0 -52.753031
0 9 -52.753031
9 1 -47.878657
1 9 -47.878657
9 3 -44.493282
3 9 -44.493282
9 4 -49.572753
4 9 -49.572753
10 0 -48.529956
0 10 -48.529956
10 1 -43.424467
1 10 -43.424467
10 2 -41.268685
2 10 -41.268685
10 3 -53.385820
3 10 -53.385820
10 4 -41.228466
4 10 -41.228466
10 5 -53.696403
5 10 -53.696403
11 1 -41.505685
1 11 -41.505685
11 2 -44.178546
2 11 -44.178546
11 4 -40.025354
4 11 -40.025354
11 5 -43.791413
5 11 -43.791413
12 0 -52.004211
0 12 -52.004211
12 1 -51.025077
1 12 -51.025077
12 3 -54.242047
3 12 -54.242047
12 4 -44.783190
4 12 -44.783190
12 6 -49.036411
6 12 -49.036411
12 7 -43.104849
7 12 -43.104849
13 0 -53.511846
0 13 -53.511846
13 1 -48.762441
1 13 -48.762441
13 2 -52.813007
2 13 -52.813007
13 3 -52.524653
3 13 -52.524653
13 4 -48.890282
4 13 -48.890282
13 5 -42.538508
5 13 -42.538508
13 6 -47.165141
6 13 -47.165141
13 7 -53.317737
7 13 -53.317737
13 8 -40.966250
8 13 -40.966250
14 1 -48.139852
1 14 -48.139852
14 2 -50.349225
2 14 -50.349225
14 4 -42.549845
4 14 -42.549845
14 5 -41.437377
5 14 -41.437377
14 7 -52.191322
7 14 -52.191322
14 8 -44.427796
8 14 -44.427796
15 3 -47.499074
3 15 -47.499074
15 4 -45.093332
4 15 -45.093332
15 6 -41.851928
6 15 -41.851928
15 7 -42.210158
7 15 -42.210158
16 3 -49.424558
3 16 -49.424558
16 4 -49.174609
4 16 -49.174609
16 5 -49.504826
5 16 -49.504826
16 6 -52.161072
6 16 -52.161072
16 7 -49.254149
7 16 -49.254149
16 8 -46.320306
8 16 -46.320306
17 4 -42.043416
4 17 -42.043416
17 5 -41.357200
5 17 -41.357200
17 7 -41.019076
7 17 -41.019076
17 8 -50.629282
8 17 -50.629282
