# Created by Octave 3.0.5, Tue Dec 07 20:19:28 2010 PST <rahulb@zoomzoom>
# name: A
# type: matrix
# rows: 9
# columns: 9
 0 1 1 1 1 1 1 1 1
 1 0 1 1 1 1 1 1 1
 1 1 0 1 1 1 1 1 1
 1 1 1 0 1 1 1 1 1
 1 1 1 1 0 1 1 1 1
 1 1 1 1 1 0 1 1 1
 1 1 1 1 1 1 0 1 1
 1 1 1 1 1 1 1 0 1
 1 1 1 1 1 1 1 1 0
# name: D
# type: matrix
# rows: 1
# columns: 9
 8 8 8 8 8 8 8 8 8
# name: M
# type: scalar
9
# name: N
# type: scalar
9
# name: W
# type: matrix
# rows: 9
# columns: 9
 0.1111111111111109 0.1111111111111111 0.1111111111111111 0.1111111111111111 0.1111111111111111 0.1111111111111111 0.1111111111111111 0.1111111111111111 0.1111111111111111
 0.1111111111111111 0.1111111111111109 0.1111111111111111 0.1111111111111111 0.1111111111111111 0.1111111111111111 0.1111111111111111 0.1111111111111111 0.1111111111111111
 0.1111111111111111 0.1111111111111111 0.1111111111111109 0.1111111111111111 0.1111111111111111 0.1111111111111111 0.1111111111111111 0.1111111111111111 0.1111111111111111
 0.1111111111111111 0.1111111111111111 0.1111111111111111 0.1111111111111109 0.1111111111111111 0.1111111111111111 0.1111111111111111 0.1111111111111111 0.1111111111111111
 0.1111111111111111 0.1111111111111111 0.1111111111111111 0.1111111111111111 0.1111111111111109 0.1111111111111111 0.1111111111111111 0.1111111111111111 0.1111111111111111
 0.1111111111111111 0.1111111111111111 0.1111111111111111 0.1111111111111111 0.1111111111111111 0.1111111111111109 0.1111111111111111 0.1111111111111111 0.1111111111111111
 0.1111111111111111 0.1111111111111111 0.1111111111111111 0.1111111111111111 0.1111111111111111 0.1111111111111111 0.1111111111111109 0.1111111111111111 0.1111111111111111
 0.1111111111111111 0.1111111111111111 0.1111111111111111 0.1111111111111111 0.1111111111111111 0.1111111111111111 0.1111111111111111 0.1111111111111109 0.1111111111111111
 0.1111111111111111 0.1111111111111111 0.1111111111111111 0.1111111111111111 0.1111111111111111 0.1111111111111111 0.1111111111111111 0.1111111111111111 0.1111111111111109
# name: __nargin__
# type: scalar
0
# name: a
# type: scalar
0.16
# name: h
# type: scalar
2.5
# name: i
# type: scalar
9
# name: j
# type: scalar
8
# name: k
# type: scalar
20
# name: n
# type: scalar
3
# name: p
# type: matrix
# rows: 1
# columns: 3
 3 3 0
# name: r
# type: matrix
# rows: 1
# columns: 9
 0.612044218610134 0.8940885294676159 0.6129036093369762 0.589994940194128 0.8208212042212896 0.8218267996608087 0.7457411256554783 0.533684297387562 0.6595251589623741
# name: s
# type: matrix
# rows: 1
# columns: 3
 3 3 2.5
# name: u
# type: matrix
# rows: 20
# columns: 9
 813.8588923719958 1201.914064785789 818.3333751306166 1116.039331243469 1603.240626959248 1143.552434691745 781.1678578892372 1018.394064785789 751.1623406478579
 783.7185370950888 1140.599289446186 792.7281922675027 1098.08789968652 1636.749508881923 1178.257554858934 833.5764681295716 1168.831013584117 876.9061233019854
 827.8278787878788 1117.620146290491 694.2168443051202 1065.805350052246 1454.004764890282 960.314315569488 746.458223615465 938.204973876698 649.8871891327063
 726.3992476489028 1096.001421107628 752.9040752351098 1047.911933124347 1522.935339602926 1085.885726227795 804.0033855799373 1035.438662486938 766.2682131661442
 620.788881922675 964.4484848484849 688.3750888192268 867.8198119122258 1346.785872518286 1012.425329153605 655.8495715778474 906.0208986415882 704.1557784743992
 892.8152978056427 1261.105203761756 821.6152978056426 1287.860104493208 1766.644932079415 1193.149759665622 980.7035736677116 1219.030721003135 843.3435736677116
 819.4341483803553 1175.772873563218 770.3196656217345 1125.356614420063 1608.128066875653 1135.606269592477 853.0217345872518 1113.494252873563 831.6672518286312
 640.2896551724137 1028.845893416928 750.9489655172414 930.4135841170324 1445.114649947753 1090.688066875653 745.1268965517241 990.8872727272727 751.3862068965517
 889.5840334378265 1325.641212121212 939.79644723093 1225.881253918495 1804.130240334378 1321.013667711599 925.2295506792059 1242.634315569488 920.1619644723093
 693.0386624869384 1041.935297805643 738.561421107628 1001.772246603971 1434.429425287356 1007.238453500522 765.3407314524555 961.0911598746081 655.2634900731452
 746.5799791013584 1197.268045977012 863.5068756530826 1027.033019853709 1648.111013584117 1250.457847439916 744.399289446186 1086.354942528736 862.6861859979101
 855.3911807732497 1191.259101358412 793.0353187042842 1197.164681295716 1696.993270637409 1181.599164054337 906.9870428422153 1208.55565308255 873.3511807732498
 810.2686729362591 1176.363385579937 792.7293625914316 1067.453166144201 1520.452580982236 1078.282131661442 771.5086729362591 945.9137304075235 660.1293625914316
 777.0281295715779 1090.286896551724 724.5481295715779 1074.325642633229 1558.260898641588 1136.211159874608 810.5164054336468 1096.791724137931 870.1164054336468
 729.7955276907001 1127.770031347962 767.0644932079415 1059.70946708464 1593.896593521421 1137.622570532915 790.3072518286311 1092.343824451411 832.4562173458726
 640.0477324973876 967.03289446186 687.4904911180773 943.5026541274817 1408.780773249739 1017.664033437827 748.4987669801463 1017.245308254963 744.981525600836
 787.0965935214211 1131.332831765935 746.2634900731452 1066.662695924765 1551.658265412748 1067.047523510972 750.7365935214211 1029.280417972832 739.2634900731452
 765.5226750261234 1033.220898641588 649.5833646812957 1082.584618599791 1497.068004179728 1029.877032392894 764.2688819226751 996.3546917450366 740.4095715778475
 877.4486102403343 1277.111724137931 852.2844723092999 1190.308589341693 1700.368150470219 1184.475485893417 863.4279205851619 1131.086896551724 812.1037826541275
 745.1444932079415 1048.773166144201 681.7844932079415 994.5122257053291 1398.71565308255 962.593605015674 774.5444932079415 975.1290282131662 678.6244932079414
# name: w
# type: scalar
0.1111111111111111
# name: A_j
# type: matrix
# rows: 9
# columns: 1
 0
 0
 0
 0
 0.1212121212121212
 0.1379310344827586
 0
 0.1379310344827586
 0.16
# name: sources
# type: matrix
# rows: 1
# columns: 3
 6 8 9
# name: sensorid
# type: scalar
8
# name: I_max
# type: scalar
1600
# name: Adj
# type: matrix
# rows: 9
# columns: 9
 0 1 1 1 1 0 1 0 0
 1 0 1 1 1 1 0 1 0
 1 1 0 0 1 1 0 0 1
 1 1 0 0 1 1 1 1 0
 1 1 1 1 0 1 1 1 1
 0 1 1 1 1 0 0 1 1
 1 0 0 1 1 0 0 1 1
 0 1 0 1 1 1 1 0 1
 0 0 1 0 1 1 1 1 0
# name: Phi
# type: matrix
# rows: 1
# columns: 9
 122 178 122 117 164 164 149 106 131
# name: sum_Wik
# type: scalar
0.8888888888888891
# name: ALPHA
# type: scalar
1800
# name: indent
# type: scalar
1
# name: Model
# type: matrix
# rows: 9
# columns: 9
 0.16 0.1379310344827586 0 0.1379310344827586 0.1212121212121212 0 0 0 0
 0.1379310344827586 0.16 0.1379310344827586 0.1212121212121212 0.1379310344827586 0.1212121212121212 0 0 0
 0 0.1379310344827586 0.16 0 0.1212121212121212 0.1379310344827586 0 0 0
 0.1379310344827586 0.1212121212121212 0 0.16 0.1379310344827586 0 0.1379310344827586 0.1212121212121212 0
 0.1212121212121212 0.1379310344827586 0.1212121212121212 0.1379310344827586 0.16 0.1379310344827586 0.1212121212121212 0.1379310344827586 0.1212121212121212
 0 0.1212121212121212 0.1379310344827586 0 0.1379310344827586 0.16 0 0.1212121212121212 0.1379310344827586
 0 0 0 0.1379310344827586 0.1212121212121212 0 0.16 0.1379310344827586 0
 0 0 0 0.1212121212121212 0.1379310344827586 0.1212121212121212 0.1379310344827586 0.16 0.1379310344827586
 0 0 0 0 0.1212121212121212 0.1379310344827586 0 0.1379310344827586 0.16
# name: sdata
# type: matrix
# rows: 9
# columns: 1
 1510
 1149
 1593
 808
 1497
 1053
 1524
 1302
 886
# name: height
# type: scalar
2.5
# name: gain
# type: matrix
# rows: 1
# columns: 3
 -50.07689603143641 -43.37571324118786 -45.58713805155135
# name: tabs
# type: sq_string
# elements: 1
# length: 2
		
# name: A_thresh
# type: scalar
0.1
# name: DOPLOT
# type: scalar
0
# name: degree
# type: scalar
3
# name: TOTAL_RUNS
# type: scalar
20
