25 0 -45.952016
0 25 -45.952016
25 1 -44.710916
1 25 -44.710916
26 1 -40.134572
1 26 -40.134572
26 2 -46.788922
2 26 -46.788922
27 2 -53.342809
2 27 -53.342809
27 3 -51.257524
3 27 -51.257524
28 3 -54.011494
3 28 -54.011494
28 4 -46.395225
4 28 -46.395225
29 0 -50.956222
0 29 -50.956222
29 5 -53.230653
5 29 -53.230653
30 1 -41.350573
1 30 -41.350573
30 6 -50.582505
6 30 -50.582505
31 2 -54.356754
2 31 -54.356754
31 7 -52.164702
7 31 -52.164702
32 3 -42.078587
3 32 -42.078587
32 8 -42.500671
8 32 -42.500671
33 4 -48.344376
4 33 -48.344376
33 9 -48.935920
9 33 -48.935920
34 5 -47.128362
5 34 -47.128362
34 6 -50.915350
6 34 -50.915350
35 6 -52.916536
6 35 -52.916536
35 7 -49.062870
7 35 -49.062870
36 7 -51.694442
7 36 -51.694442
36 8 -42.192531
8 36 -42.192531
37 8 -44.212904
8 37 -44.212904
37 9 -40.251446
9 37 -40.251446
38 5 -54.523757
5 38 -54.523757
38 10 -48.051118
10 38 -48.051118
39 6 -50.054174
6 39 -50.054174
39 11 -45.634019
11 39 -45.634019
40 7 -46.159382
7 40 -46.159382
40 12 -54.816451
12 40 -54.816451
41 8 -43.884939
8 41 -43.884939
41 13 -40.599351
13 41 -40.599351
42 9 -43.421900
9 42 -43.421900
42 14 -50.754897
14 42 -50.754897
43 10 -40.513006
10 43 -40.513006
43 11 -52.623949
11 43 -52.623949
44 11 -50.422990
11 44 -50.422990
44 12 -40.134074
12 44 -40.134074
45 12 -49.407397
12 45 -49.407397
45 13 -51.710412
13 45 -51.710412
46 13 -41.691006
13 46 -41.691006
46 14 -44.638876
14 46 -44.638876
47 10 -42.823202
10 47 -42.823202
47 15 -47.246990
15 47 -47.246990
48 11 -50.227443
11 48 -50.227443
48 16 -52.459341
16 48 -52.459341
49 12 -40.377540
12 49 -40.377540
49 17 -40.654251
17 49 -40.654251
50 13 -47.024280
13 50 -47.024280
50 18 -47.448040
18 50 -47.448040
51 14 -52.383300
14 51 -52.383300
51 19 -47.348505
19 51 -47.348505
52 15 -53.786835
15 52 -53.786835
52 16 -41.082797
16 52 -41.082797
53 16 -53.163966
16 53 -53.163966
53 17 -53.780691
17 53 -53.780691
54 17 -42.798136
17 54 -42.798136
54 18 -52.452156
18 54 -52.452156
55 18 -53.081881
18 55 -53.081881
55 19 -42.641249
19 55 -42.641249
56 15 -53.694758
15 56 -53.694758
56 20 -47.081543
20 56 -47.081543
57 16 -47.128163
16 57 -47.128163
57 21 -44.440590
21 57 -44.440590
58 17 -48.191794
17 58 -48.191794
58 22 -48.911675
22 58 -48.911675
59 18 -42.016262
18 59 -42.016262
59 23 -54.989893
23 59 -54.989893
60 19 -43.343649
19 60 -43.343649
60 24 -42.077622
24 60 -42.077622
61 20 -42.151010
20 61 -42.151010
61 21 -53.463661
21 61 -53.463661
62 21 -53.113554
21 62 -53.113554
62 22 -43.683084
22 62 -43.683084
63 22 -53.591224
22 63 -53.591224
63 23 -49.080154
23 63 -49.080154
64 23 -53.675939
23 64 -53.675939
64 24 -40.964319
24 64 -40.964319
