# Created by Octave 3.0.5, Tue Dec 07 20:19:30 2010 PST <rahulb@zoomzoom>
# name: A
# type: matrix
# rows: 25
# columns: 25
 0 1 0 0 0 1 0 0 0 0 0 0 0 0 0 0 0 0 0 0 0 0 0 0 0
 1 0 1 0 0 0 1 0 0 0 0 0 0 0 0 0 0 0 0 0 0 0 0 0 0
 0 1 0 1 0 0 0 1 0 0 0 0 0 0 0 0 0 0 0 0 0 0 0 0 0
 0 0 1 0 1 0 0 0 1 0 0 0 0 0 0 0 0 0 0 0 0 0 0 0 0
 0 0 0 1 0 0 0 0 0 1 0 0 0 0 0 0 0 0 0 0 0 0 0 0 0
 1 0 0 0 0 0 1 0 0 0 1 0 0 0 0 0 0 0 0 0 0 0 0 0 0
 0 1 0 0 0 1 0 1 0 0 0 1 0 0 0 0 0 0 0 0 0 0 0 0 0
 0 0 1 0 0 0 1 0 1 0 0 0 1 0 0 0 0 0 0 0 0 0 0 0 0
 0 0 0 1 0 0 0 1 0 1 0 0 0 1 0 0 0 0 0 0 0 0 0 0 0
 0 0 0 0 1 0 0 0 1 0 0 0 0 0 1 0 0 0 0 0 0 0 0 0 0
 0 0 0 0 0 1 0 0 0 0 0 1 0 0 0 1 0 0 0 0 0 0 0 0 0
 0 0 0 0 0 0 1 0 0 0 1 0 1 0 0 0 1 0 0 0 0 0 0 0 0
 0 0 0 0 0 0 0 1 0 0 0 1 0 1 0 0 0 1 0 0 0 0 0 0 0
 0 0 0 0 0 0 0 0 1 0 0 0 1 0 1 0 0 0 1 0 0 0 0 0 0
 0 0 0 0 0 0 0 0 0 1 0 0 0 1 0 0 0 0 0 1 0 0 0 0 0
 0 0 0 0 0 0 0 0 0 0 1 0 0 0 0 0 1 0 0 0 1 0 0 0 0
 0 0 0 0 0 0 0 0 0 0 0 1 0 0 0 1 0 1 0 0 0 1 0 0 0
 0 0 0 0 0 0 0 0 0 0 0 0 1 0 0 0 1 0 1 0 0 0 1 0 0
 0 0 0 0 0 0 0 0 0 0 0 0 0 1 0 0 0 1 0 1 0 0 0 1 0
 0 0 0 0 0 0 0 0 0 0 0 0 0 0 1 0 0 0 1 0 0 0 0 0 1
 0 0 0 0 0 0 0 0 0 0 0 0 0 0 0 1 0 0 0 0 0 1 0 0 0
 0 0 0 0 0 0 0 0 0 0 0 0 0 0 0 0 1 0 0 0 1 0 1 0 0
 0 0 0 0 0 0 0 0 0 0 0 0 0 0 0 0 0 1 0 0 0 1 0 1 0
 0 0 0 0 0 0 0 0 0 0 0 0 0 0 0 0 0 0 1 0 0 0 1 0 1
 0 0 0 0 0 0 0 0 0 0 0 0 0 0 0 0 0 0 0 1 0 0 0 1 0
# name: D
# type: matrix
# rows: 1
# columns: 25
 2 3 3 3 2 3 4 4 4 3 3 4 4 4 3 3 4 4 4 3 2 3 3 3 2
# name: M
# type: scalar
40
# name: N
# type: scalar
25
# name: W
# type: matrix
# rows: 25
# columns: 25
 0.5 0.25 0 0 0 0.25 0 0 0 0 0 0 0 0 0 0 0 0 0 0 0 0 0 0 0
 0.25 0.3 0.25 0 0 0 0.2 0 0 0 0 0 0 0 0 0 0 0 0 0 0 0 0 0 0
 0 0.25 0.3 0.25 0 0 0 0.2 0 0 0 0 0 0 0 0 0 0 0 0 0 0 0 0 0
 0 0 0.25 0.3 0.25 0 0 0 0.2 0 0 0 0 0 0 0 0 0 0 0 0 0 0 0 0
 0 0 0 0.25 0.5 0 0 0 0 0.25 0 0 0 0 0 0 0 0 0 0 0 0 0 0 0
 0.25 0 0 0 0 0.3 0.2 0 0 0 0.25 0 0 0 0 0 0 0 0 0 0 0 0 0 0
 0 0.2 0 0 0 0.2 0.2 0.2 0 0 0 0.2 0 0 0 0 0 0 0 0 0 0 0 0 0
 0 0 0.2 0 0 0 0.2 0.2 0.2 0 0 0 0.2 0 0 0 0 0 0 0 0 0 0 0 0
 0 0 0 0.2 0 0 0 0.2 0.2 0.2 0 0 0 0.2 0 0 0 0 0 0 0 0 0 0 0
 0 0 0 0 0.25 0 0 0 0.2 0.3 0 0 0 0 0.25 0 0 0 0 0 0 0 0 0 0
 0 0 0 0 0 0.25 0 0 0 0 0.3 0.2 0 0 0 0.25 0 0 0 0 0 0 0 0 0
 0 0 0 0 0 0 0.2 0 0 0 0.2 0.2 0.2 0 0 0 0.2 0 0 0 0 0 0 0 0
 0 0 0 0 0 0 0 0.2 0 0 0 0.2 0.2 0.2 0 0 0 0.2 0 0 0 0 0 0 0
 0 0 0 0 0 0 0 0 0.2 0 0 0 0.2 0.2 0.2 0 0 0 0.2 0 0 0 0 0 0
 0 0 0 0 0 0 0 0 0 0.25 0 0 0 0.2 0.3 0 0 0 0 0.25 0 0 0 0 0
 0 0 0 0 0 0 0 0 0 0 0.25 0 0 0 0 0.3 0.2 0 0 0 0.25 0 0 0 0
 0 0 0 0 0 0 0 0 0 0 0 0.2 0 0 0 0.2 0.2 0.2 0 0 0 0.2 0 0 0
 0 0 0 0 0 0 0 0 0 0 0 0 0.2 0 0 0 0.2 0.2 0.2 0 0 0 0.2 0 0
 0 0 0 0 0 0 0 0 0 0 0 0 0 0.2 0 0 0 0.2 0.2 0.2 0 0 0 0.2 0
 0 0 0 0 0 0 0 0 0 0 0 0 0 0 0.25 0 0 0 0.2 0.3 0 0 0 0 0.25
 0 0 0 0 0 0 0 0 0 0 0 0 0 0 0 0.25 0 0 0 0 0.5 0.25 0 0 0
 0 0 0 0 0 0 0 0 0 0 0 0 0 0 0 0 0.2 0 0 0 0.25 0.3 0.25 0 0
 0 0 0 0 0 0 0 0 0 0 0 0 0 0 0 0 0 0.2 0 0 0 0.25 0.3 0.25 0
 0 0 0 0 0 0 0 0 0 0 0 0 0 0 0 0 0 0 0.2 0 0 0 0.25 0.3 0.25
 0 0 0 0 0 0 0 0 0 0 0 0 0 0 0 0 0 0 0 0.25 0 0 0 0.25 0.5
# name: __nargin__
# type: scalar
0
# name: a
# type: scalar
0.1081081081081081
# name: h
# type: scalar
3
# name: i
# type: scalar
25
# name: j
# type: scalar
2
# name: k
# type: scalar
20
# name: n
# type: scalar
5
# name: p
# type: matrix
# rows: 1
# columns: 3
 5 5 0
# name: r
# type: matrix
# rows: 1
# columns: 25
 0.6941121571246054 0.501683372584607 0.7983935081786901 0.5360683715433932 0.5329763780136059 0.9689466192988198 0.9574389680357133 0.5348675826610569 0.6576237160762656 0.6534635285627952 0.6958172289745731 0.7610513539951831 0.8412429754659387 0.8798905668491462 0.8194530327770917 0.5391350931909403 0.5570459362452347 0.9369241422436405 0.8774418430192016 0.5227681848580504 0.6542406168142034 0.7093845282293738 0.9413394896398735 0.553895115847123 0.7586218179706807
# name: s
# type: matrix
# rows: 1
# columns: 3
 5 4.5 3
# name: u
# type: matrix
# rows: 20
# columns: 25
 370.4324324324324 420.2162162162163 487.972972972973 427.6486486486486 376.918918918919 539.0540540540541 640.1891891891892 540.0540540540541 554.1351351351352 499.2972972972973 541.2702702702703 591.3513513513514 615.1351351351352 704.4054054054054 521.4864864864865 523.3243243243244 619 736.8378378378379 734.2432432432432 491.8918918918919 379.6216216216217 565 648.5405405405406 487.0810810810811 375.2162162162163
 402.7567567567568 491.8918918918919 493.7027027027027 534.5675675675676 415.6216216216216 538.7297297297298 686.4594594594595 620.5945945945946 675.1081081081081 564.5945945945946 515.7567567567568 622.2702702702703 735.5675675675676 743.8648648648649 564.2972972972973 531.6486486486486 605.7027027027027 696.9459459459461 719.6486486486486 433.0810810810811 419.4054054054054 544.4594594594595 534.918918918919 508.1621621621622 399.8648648648649
 388.7027027027027 464.2162162162163 530.7837837837837 500.5135135135135 308.7027027027027 576.5675675675676 723.5405405405405 651.0810810810812 666.7837837837839 435.8378378378379 555.2162162162163 663.3513513513514 728.4324324324325 629.3783783783783 524.2972972972973 487.972972972973 647 771.4324324324325 731 550.3783783783783 348.4864864864865 541.8648648648649 627.3513513513514 582.6486486486488 412.9459459459459
 433.8918918918919 585.9459459459461 543.6486486486486 495.2162162162163 306.1081081081081 564.8918918918919 644.2972972972973 548.1621621621622 620.2972972972973 472.2702702702703 468.9459459459459 640.7567567567568 639.8918918918919 578.7837837837837 552.4054054054054 457.4864864864865 564.8378378378379 671.2162162162163 672.081081081081 488.1081081081081 376.3783783783784 486.6216216216216 574.0540540540541 483.8378378378379 414.4594594594595
 389.1351351351352 465.6216216216216 545.0540540540541 448.7297297297297 313.6756756756757 513.8648648648649 740.4054054054054 691.4054054054054 570.8918918918919 436.3783783783784 531.8648648648649 698.0540540540541 685.4054054054054 737.918918918919 509.3783783783784 476.5135135135135 665.4864864864866 679.7567567567568 630.2432432432433 446.8108108108108 391.0810810810811 567.8108108108108 596 513.6756756756756 445.918918918919
 363.7297297297297 518.8108108108108 638.8918918918919 580.2972972972973 397.3513513513514 530.2972972972973 733.0540540540541 662.2162162162163 747.2162162162163 585.1351351351352 532.8378378378379 654.1621621621622 632.2162162162163 648.6216216216217 588.1891891891892 578.8918918918919 664.6216216216217 717.7027027027027 675.1081081081081 509.2972972972973 380.2702702702703 500.8918918918919 555.1351351351352 494.5405405405406 410.2432432432433
 443.8378378378379 479.1351351351352 535.6486486486486 498.2432432432433 399.4054054054054 593.6486486486486 699.2162162162163 588.4864864864865 660.2972972972973 518.9729729729729 485.5945945945946 662.1621621621622 682.3783783783784 753.3783783783784 572.6216216216217 483.2162162162163 579.4324324324325 764.0810810810812 677.918918918919 454.2702702702703 430 540.5675675675676 587.0270270270271 500.1621621621622 420.9459459459459
 409.3513513513514 468.4324324324324 488.0810810810811 415.3243243243243 312.5945945945946 526.081081081081 629.4864864864865 598.1081081081081 630.4594594594595 471.6216216216216 463.1081081081081 692 719.2432432432432 773.918918918919 527.3243243243244 519.7567567567568 724.1891891891893 662.1351351351352 750.7837837837839 492.3243243243243 383.4054054054054 534.8378378378379 542.7027027027027 513.8918918918919 425.7027027027027
 382.3243243243244 526.2702702702703 538.5675675675676 517.3783783783783 368.2702702702703 531.0540540540541 701.7027027027027 601.4594594594595 758.1351351351352 577.1351351351352 484.2972972972973 604.3243243243244 607.7837837837837 617.4864864864865 565.3783783783783 499.2162162162163 679.972972972973 716.2972972972973 723.5405405405405 542.5945945945946 351.1891891891892 561 575.5675675675676 510.6486486486486 406.1351351351352
