9 0 -44.413037
0 9 -44.413037
9 1 -41.288202
1 9 -41.288202
10 1 -48.479550
1 10 -48.479550
10 2 -42.589207
2 10 -42.589207
11 0 -49.684255
0 11 -49.684255
11 3 -47.191213
3 11 -47.191213
12 1 -53.516721
1 12 -53.516721
12 4 -48.962596
4 12 -48.962596
13 2 -46.689516
2 13 -46.689516
13 5 -54.416342
5 13 -54.416342
14 3 -49.706251
3 14 -49.706251
14 4 -52.122505
4 14 -52.122505
15 4 -54.986504
4 15 -54.986504
15 5 -45.850786
5 15 -45.850786
16 3 -44.379065
3 16 -44.379065
16 6 -52.317175
6 16 -52.317175
17 4 -45.375476
4 17 -45.375476
17 7 -53.019922
7 17 -53.019922
18 5 -45.793616
5 18 -45.793616
18 8 -53.453708
8 18 -53.453708
19 6 -50.026338
6 19 -50.026338
19 7 -49.144822
7 19 -49.144822
20 7 -51.121848
7 20 -51.121848
20 8 -47.305813
8 20 -47.305813
