# Created by Octave 3.0.5, Tue Dec 07 20:19:27 2010 PST <rahulb@zoomzoom>
# name: A
# type: matrix
# rows: 9
# columns: 9
 0 1 0 1 0 0 0 0 0
 1 0 1 0 1 0 0 0 0
 0 1 0 0 0 1 0 0 0
 1 0 0 0 1 0 1 0 0
 0 1 0 1 0 1 0 1 0
 0 0 1 0 1 0 0 0 1
 0 0 0 1 0 0 0 1 0
 0 0 0 0 1 0 1 0 1
 0 0 0 0 0 1 0 1 0
# name: D
# type: matrix
# rows: 1
# columns: 9
 2 3 2 3 4 3 2 3 2
# name: M
# type: scalar
12
# name: N
# type: scalar
9
# name: W
# type: matrix
# rows: 9
# columns: 9
 0.5 0.25 0 0.25 0 0 0 0 0
 0.25 0.3 0.25 0 0.2 0 0 0 0
 0 0.25 0.5 0 0 0.25 0 0 0
 0.25 0 0 0.3 0.2 0 0.25 0 0
 0 0.2 0 0.2 0.2 0.2 0 0.2 0
 0 0 0.25 0 0.2 0.3 0 0 0.25
 0 0 0 0.25 0 0 0.5 0.25 0
 0 0 0 0 0.2 0 0.25 0.3 0.25
 0 0 0 0 0 0.25 0 0.25 0.5
# name: __nargin__
# type: scalar
0
# name: a
# type: scalar
0.1081081081081081
# name: h
# type: scalar
3
# name: i
# type: scalar
9
# name: j
# type: scalar
2
# name: k
# type: scalar
20
# name: n
# type: scalar
3
# name: p
# type: matrix
# rows: 1
# columns: 3
 3 3 0
# name: r
# type: matrix
# rows: 1
# columns: 9
 0.9079734229036995 0.6221935514877747 0.921529508245039 0.5282864920262085 0.8919223073733147 0.6318091197714508 0.5365294896725064 0.6066948346893473 0.543206960418114
# name: s
# type: matrix
# rows: 1
# columns: 3
 3 2.5 3
# name: u
# type: matrix
# rows: 20
# columns: 9
 447.918918918919 436 394.0540540540541 488.8918918918919 565.5675675675676 445.5675675675676 367.3243243243243 468.6756756756757 346.2702702702703
 433.4324324324324 491.6756756756757 467.5675675675676 507.2702702702703 682.1081081081081 581.3513513513514 373.5945945945946 504.4594594594595 410.0540540540541
 431.1621621621622 518.7027027027027 477.7297297297297 474.8378378378379 742 516.918918918919 312.7297297297297 562.9459459459461 391.7837837837838
 415.5945945945946 546.1621621621622 434.918918918919 479.3783783783784 675.2972972972973 457.4594594594595 417.918918918919 569.4324324324325 390.7027027027027
 488.027027027027 508.972972972973 371.4594594594595 536.6756756756756 641.1351351351352 437.027027027027 416.2972972972973 475.8108108108108 323.5675675675676
 413.7567567567568 508.8648648648649 470.7027027027027 491.8108108108108 675.7297297297298 485.3513513513514 334.2432432432432 446.5135135135135 320.1081081081081
 422.7297297297297 564.7567567567568 430.1621621621622 479.5945945945946 762 485.4594594594595 345.5945945945946 520.5675675675676 371.8918918918919
 428.2432432432432 546.8108108108108 424.2162162162163 496.6756756756757 755.4054054054054 532.4864864864865 349.2702702702703 520.8918918918919 421.7297297297297
 421 499.6756756756757 507.4594594594595 486.2972972972973 635.1891891891892 557.5675675675676 364.8378378378379 421.8648648648649 318.918918918919
 430.2972972972973 516.9729729729729 421.9459459459459 444.027027027027 642.8648648648649 539.9459459459461 328.9459459459459 420.2432432432433 379.1351351351352
 443.5945945945946 517.4054054054054 436.4324324324324 462.7297297297297 692.3783783783784 514.7567567567568 287.2162162162163 482.1891891891892 399.4594594594595
 376.3513513513514 456.6486486486486 408.7567567567568 392.7837837837838 608.8108108108108 430 348.0810810810811 522.9459459459461 342.3783783783784
 447.1621621621622 480.5405405405406 437.8378378378378 461.6486486486486 709.1351351351352 558.7567567567568 332.2972972972973 518.081081081081 374.5945945945946
 449.4324324324324 526.918918918919 469.0810810810811 424.2432432432433 726.7567567567568 531.4054054054054 356.9459459459459 574.2972972972973 336.6486486486486
 404.027027027027 444.8648648648649 381.5135135135135 416.1351351351352 584.5945945945946 462.7567567567568 361.0540540540541 496.5675675675676 371.1351351351352
 475.1621621621622 486.7027027027027 403.7837837837838 504.6756756756757 630.972972972973 537.7837837837837 391.3243243243243 464.8918918918919 374.8108108108108
 426.1891891891892 524.2162162162163 472.1081081081081 565.4324324324325 740.8108108108108 516.4864864864865 418.8918918918919 519.918918918919 350.0540540540541
 422.2972972972973 548.3243243243244 513.7297297297298 466.8378378378379 735.9459459459459 567.1891891891892 319.1081081081081 486.5135135135135 359.7837837837838
 423.7027027027027 560.2162162162163 424.2162162162163 474.2972972972973 657.4594594594595 460.918918918919 406.2432432432433 461 326.8108108108108
 377 473.8378378378379 426.5945945945946 487.2702702702703 661.8918918918919 503.945945945946 379.4324324324324 492.8918918918919 395.027027027027
# name: w
# type: scalar
0.25
# name: A_j
# type: matrix
# rows: 9
# columns: 1
 0
 0
 0
 0
 0
 0
 0
 0.1081081081081081
 0.1081081081081081
# name: I_max
# type: scalar
1600
# name: Phi
# type: matrix
# rows: 1
# columns: 9
 181 124 184 105 178 126 107 121 108
# name: sum_Wik
# type: scalar
0.5
# name: ALPHA
# type: scalar
1800
# name: Model
# type: matrix
# rows: 9
# columns: 12
 0.1081081081081081 0 0.1081081081081081 0 0 0 0 0 0 0 0 0
 0.1081081081081081 0.1081081081081081 0 0.1081081081081081 0 0 0 0 0 0 0 0
 0 0.1081081081081081 0 0 0.1081081081081081 0 0 0 0 0 0 0
 0 0 0.1081081081081081 0 0 0.1081081081081081 0 0.1081081081081081 0 0 0 0
 0 0 0 0.1081081081081081 0 0.1081081081081081 0.1081081081081081 0 0.1081081081081081 0 0 0
 0 0 0 0 0.1081081081081081 0 0.1081081081081081 0 0 0.1081081081081081 0 0
 0 0 0 0 0 0 0 0.1081081081081081 0 0 0.1081081081081081 0
 0 0 0 0 0 0 0 0 0.1081081081081081 0 0.1081081081081081 0.1081081081081081
 0 0 0 0 0 0 0 0 0 0.1081081081081081 0 0.1081081081081081
# name: height
# type: scalar
3
# name: A_thresh
# type: scalar
0.1
# name: DOPLOT
# type: scalar
0
# name: degree
# type: scalar
1
# name: TOTAL_RUNS
# type: scalar
20
# name: Dist
# type: matrix
# rows: 1
# columns: 3
 0.25 1.25 2.25
# name: filename
# type: sq_string
# elements: 1
# length: 107
/home/rahulb/projects/actuation/tinyos-2.x/apps/LightControl/DeploymentsNew/nodes3degree1/simvar.octave.mat
# name: output
# type: matrix
# rows: 12
# columns: 20
 1222 1149 990 963 1564 1335 1307 1185 1238 1496 1375 804 1017 1302 849 1279 1125 965 1211 993
 801 1352 1137 1470 803 1356 1321 1196 1434 985 1237 1171 806 1086 902 1197 1490 1498 1352 1154
 1247 1186 1324 1207 1276 818 929 1102 982 810 1054 1003 1445 1181 1214 1442 1143 1267 1034 820
 863 900 1524 1472 1194 869 1449 1530 803 1154 1027 1102 1475 1339 1217 879 1087 1462 1472 1089
 1142 1271 1580 851 931 1296 956 1026 1558 1216 1098 908 1542 1551 925 836 1175 1552 870 1090
 930 1378 1134 918 1124 1511 1437 1596 1227 1261 1408 858 935 946 817 991 1580 1247 968 1311
 913 1567 989 1161 874 885 1265 1396 1384 1071 1065 949 1455 1236 918 1515 1075 1470 1023 1207
 1374 1157 963 1338 1593 1249 1099 925 1318 1065 847 801 919 826 847 1264 1536 833 1414 1405
 879 818 1570 1049 1092 1339 1251 819 815 814 1258 1076 1048 1555 809 805 1464 982 972 869
 901 1374 1047 1054 1072 1143 1104 1338 1050 1542 1433 955 1006 963 1272 1458 1362 1059 1205 1199
 1034 1309 940 1538 1268 853 1108 1316 1067 988 820 1429 1165 1486 1503 1366 1349 1129 1354 1115
 1303 1420 1578 1561 922 819 1337 1564 901 966 1263 1213 1460 1152 1162 1010 877 1270 819 1456
# name: H_max
# type: scalar
100
# name: dlist
# type: matrix
# rows: 1
# columns: 4
 1 2 3 4
# name: simdir
# type: sq_string
# elements: 1
# length: 13
nodes3degree1
# name: parentdir
# type: sq_string
# elements: 1
# length: 75
/home/rahulb/projects/actuation/tinyos-2.x/apps/LightControl/DeploymentsNew
# name: gamma
# type: scalar
0.7674234614174772
# name: ans
# type: bool
1
# name: nodes
# type: matrix
# rows: 1
# columns: 2
 6 8
# name: height_max
# type: scalar
3.099999999999995
# name: ds
# type: scalar
1
# name: pathsimdir
# type: sq_string
# elements: 1
# length: 89
/home/rahulb/projects/actuation/tinyos-2.x/apps/LightControl/DeploymentsNew/nodes3degree1
# name: height_min
# type: scalar
3
# name: nlist
# type: matrix
# rows: 1
# columns: 13
 3 4 5 6 7 8 9 10 11 12 13 14 15
# name: ns
# type: scalar
1
# name: nx
# type: scalar
3
# name: ny
# type: scalar
3
# name: sx
# type: scalar
3
