49 0 -53.084266
0 49 -53.084266
49 1 -41.964064
1 49 -41.964064
49 7 -49.136270
7 49 -49.136270
50 0 -40.705833
0 50 -40.705833
50 1 -51.260963
1 50 -51.260963
50 2 -53.149444
2 50 -53.149444
50 8 -54.368808
8 50 -54.368808
51 1 -51.419962
1 51 -51.419962
51 2 -47.796001
2 51 -47.796001
51 3 -51.378923
3 51 -51.378923
51 9 -49.647919
9 51 -49.647919
52 2 -49.307869
2 52 -49.307869
52 3 -51.942159
3 52 -51.942159
52 4 -54.616988
4 52 -54.616988
52 10 -51.736743
10 52 -51.736743
53 3 -46.717410
3 53 -46.717410
53 4 -44.271427
4 53 -44.271427
53 5 -54.901888
5 53 -54.901888
53 11 -45.673583
11 53 -45.673583
54 4 -40.104665
4 54 -40.104665
54 5 -45.995995
5 54 -45.995995
54 6 -45.757747
6 54 -45.757747
54 12 -40.671855
12 54 -40.671855
55 5 -51.587830
5 55 -51.587830
55 6 -54.873842
6 55 -54.873842
55 13 -51.628063
13 55 -51.628063
56 0 -53.850635
0 56 -53.850635
56 7 -46.087509
7 56 -46.087509
56 8 -51.930033
8 56 -51.930033
56 14 -46.537607
14 56 -46.537607
57 1 -41.485987
1 57 -41.485987
57 7 -44.411482
7 57 -44.411482
57 8 -40.714259
8 57 -40.714259
57 9 -53.380160
9 57 -53.380160
57 15 -53.048085
15 57 -53.048085
58 2 -41.499888
2 58 -41.499888
58 8 -50.673017
8 58 -50.673017
58 9 -53.040240
9 58 -53.040240
58 10 -49.446965
10 58 -49.446965
58 16 -49.381633
16 58 -49.381633
59 3 -41.153112
3 59 -41.153112
59 9 -52.360539
9 59 -52.360539
59 10 -42.063893
10 59 -42.063893
59 11 -42.804820
11 59 -42.804820
59 17 -40.073337
17 59 -40.073337
60 4 -46.392978
4 60 -46.392978
60 10 -49.440365
10 60 -49.440365
60 11 -47.201855
11 60 -47.201855
60 12 -42.333176
12 60 -42.333176
60 18 -42.690033
18 60 -42.690033
61 5 -54.449882
5 61 -54.449882
61 11 -51.977955
11 61 -51.977955
61 12 -45.995017
12 61 -45.995017
61 13 -51.818906
13 61 -51.818906
61 19 -47.755971
19 61 -47.755971
62 6 -44.625375
6 62 -44.625375
62 12 -43.688087
12 62 -43.688087
62 13 -50.651519
13 62 -50.651519
62 20 -45.520132
20 62 -45.520132
63 7 -54.935012
7 63 -54.935012
63 14 -49.954374
14 63 -49.954374
63 15 -44.562270
15 63 -44.562270
63 21 -53.397730
21 63 -53.397730
64 8 -53.130988
8 64 -53.130988
64 14 -46.344353
14 64 -46.344353
64 15 -46.562072
15 64 -46.562072
64 16 -46.172357
16 64 -46.172357
64 22 -41.465417
22 64 -41.465417
65 9 -53.495749
9 65 -53.495749
65 15 -43.645698
15 65 -43.645698
65 16 -45.124595
16 65 -45.124595
65 17 -47.919148
17 65 -47.919148
65 23 -50.105653
23 65 -50.105653
66 10 -45.789411
10 66 -45.789411
66 16 -40.347413
16 66 -40.347413
66 17 -43.484773
17 66 -43.484773
66 18 -43.109646
18 66 -43.109646
66 24 -50.221928
24 66 -50.221928
67 11 -45.340248
11 67 -45.340248
67 17 -44.644019
17 67 -44.644019
67 18 -44.265374
18 67 -44.265374
67 19 -52.396747
19 67 -52.396747
67 25 -47.222999
25 67 -47.222999
68 12 -42.096582
12 68 -42.096582
68 18 -41.343094
18 68 -41.343094
68 19 -50.926560
19 68 -50.926560
68 20 -42.606991
20 68 -42.606991
68 26 -52.464814
26 68 -52.464814
69 13 -52.306195
13 69 -52.306195
69 19 -47.940247
19 69 -47.940247
69 20 -44.019363
20 69 -44.019363
69 27 -42.805473
27 69 -42.805473
70 14 -50.002309
14 70 -50.002309
70 21 -49.274901
21 70 -49.274901
70 22 -44.679198
22 70 -44.679198
70 28 -40.463452
28 70 -40.463452
71 15 -54.959570
15 71 -54.959570
71 21 -50.941257
21 71 -50.941257
71 22 -54.656539
22 71 -54.656539
71 23 -51.679974
23 71 -51.679974
71 29 -45.460824
29 71 -45.460824
72 16 -45.932361
16 72 -45.932361
72 22 -54.735473
22 72 -54.735473
72 23 -47.067448
23 72 -47.067448
72 24 -43.490738
24 72 -43.490738
72 30 -45.410417
30 72 -45.410417
73 17 -52.164587
17 73 -52.164587
73 23 -43.197392
23 73 -43.197392
73 24 -52.872154
24 73 -52.872154
73 25 -43.825558
25 73 -43.825558
73 31 -47.183638
31 73 -47.183638
74 18 -53.145095
18 74 -53.145095
74 24 -43.044716
24 74 -43.044716
74 25 -48.031438
25 74 -48.031438
74 26 -52.173434
26 74 -52.173434
74 32 -42.925486
32 74 -42.925486
75 19 -41.635294
19 75 -41.635294
75 25 -42.012326
25 75 -42.012326
75 26 -44.977997
26 75 -44.977997
75 27 -46.680539
27 75 -46.680539
75 33 -42.700875
33 75 -42.700875
76 20 -48.722877
20 76 -48.722877
76 26 -41.320497
26 76 -41.320497
76 27 -52.074514
27 76 -52.074514
76 34 -50.209432
34 76 -50.209432
77 21 -41.312280
21 77 -41.312280
77 28 -44.038763
28 77 -44.038763
77 29 -52.815972
29 77 -52.815972
77 35 -52.755078
35 77 -52.755078
78 22 -49.224429
22 78 -49.224429
78 28 -52.231890
28 78 -52.231890
78 29 -41.055983
29 78 -41.055983
78 30 -43.013848
30 78 -43.013848
78 36 -42.681233
36 78 -42.681233
79 23 -42.680670
23 79 -42.680670
79 29 -50.765028
29 79 -50.765028
79 30 -45.809388
30 79 -45.809388
79 31 -48.533159
31 79 -48.533159
79 37 -52.003160
37 79 -52.003160
80 24 -43.494745
24 80 -43.494745
80 30 -53.196288
30 80 -53.196288
80 31 -47.279567
31 80 -47.279567
80 32 -46.757330
32 80 -46.757330
80 38 -50.857091
38 80 -50.857091
81 25 -46.686771
25 81 -46.686771
81 31 -51.099527
31 81 -51.099527
81 32 -41.813455
32 81 -41.813455
81 33 -47.569288
33 81 -47.569288
81 39 -45.302052
39 81 -45.302052
82 26 -52.166771
26 82 -52.166771
82 32 -40.797747
32 82 -40.797747
82 33 -54.490304
33 82 -54.490304
82 34 -49.350778
34 82 -49.350778
82 40 -53.458044
40 82 -53.458044
83 27 -45.985793
27 83 -45.985793
83 33 -43.344433
33 83 -43.344433
83 34 -49.102721
34 83 -49.102721
83 41 -49.870461
41 83 -49.870461
84 28 -48.738113
28 84 -48.738113
84 35 -51.093704
35 84 -51.093704
84 36 -48.672718
36 84 -48.672718
84 42 -47.871222
42 84 -47.871222
85 29 -43.489905
29 85 -43.489905
85 35 -44.930502
35 85 -44.930502
85 36 -54.072873
36 85 -54.072873
85 37 -41.058386
37 85 -41.058386
85 43 -45.974560
43 85 -45.974560
86 30 -53.302666
30 86 -53.302666
86 36 -54.960996
36 86 -54.960996
86 37 -51.021378
37 86 -51.021378
86 38 -51.855574
38 86 -51.855574
86 44 -44.137717
44 86 -44.137717
87 31 -45.761720
31 87 -45.761720
87 37 -50.499046
37 87 -50.499046
87 38 -52.734689
38 87 -52.734689
87 39 -54.997651
39 87 -54.997651
87 45 -44.792395
45 87 -44.792395
88 32 -50.904424
32 88 -50.904424
88 38 -45.138745
38 88 -45.138745
88 39 -51.459112
39 88 -51.459112
88 40 -50.069590
40 88 -50.069590
88 46 -40.358196
46 88 -40.358196
89 33 -54.635159
33 89 -54.635159
89 39 -47.696621
39 89 -47.696621
89 40 -51.887091
40 89 -51.887091
89 41 -52.468247
41 89 -52.468247
89 47 -51.784212
47 89 -51.784212
90 34 -40.164433
34 90 -40.164433
90 40 -48.396950
40 90 -48.396950
90 41 -46.014119
41 90 -46.014119
90 48 -46.992420
48 90 -46.992420
91 35 -54.731872
35 91 -54.731872
91 42 -42.943373
42 91 -42.943373
91 43 -47.715491
43 91 -47.715491
92 36 -46.777925
36 92 -46.777925
92 42 -44.617189
42 92 -44.617189
92 43 -43.174065
43 92 -43.174065
92 44 -40.843958
44 92 -40.843958
93 37 -50.776300
37 93 -50.776300
93 43 -54.001668
43 93 -54.001668
93 44 -53.294763
44 93 -53.294763
93 45 -41.292949
45 93 -41.292949
94 38 -47.956758
38 94 -47.956758
94 44 -40.420223
44 94 -40.420223
94 45 -49.153090
45 94 -49.153090
94 46 -48.476575
46 94 -48.476575
95 39 -53.625194
39 95 -53.625194
95 45 -41.944922
45 95 -41.944922
95 46 -44.278907
46 95 -44.278907
95 47 -45.508216
47 95 -45.508216
96 40 -45.235099
40 96 -45.235099
96 46 -40.512530
46 96 -40.512530
96 47 -43.743423
47 96 -43.743423
96 48 -53.948733
48 96 -53.948733
97 41 -48.859081
41 97 -48.859081
97 47 -53.586262
47 97 -53.586262
97 48 -42.578877
48 97 -42.578877
