100 0 -47.519217
0 100 -47.519217
100 1 -40.127258
1 100 -40.127258
100 10 -46.579953
10 100 -46.579953
101 0 -46.379821
0 101 -46.379821
101 1 -44.144068
1 101 -44.144068
101 2 -44.014221
2 101 -44.014221
101 11 -53.659050
11 101 -53.659050
102 1 -44.837042
1 102 -44.837042
102 2 -41.354124
2 102 -41.354124
102 3 -53.016572
3 102 -53.016572
102 12 -42.220269
12 102 -42.220269
103 2 -48.585804
2 103 -48.585804
103 3 -46.626703
3 103 -46.626703
103 4 -45.219257
4 103 -45.219257
103 13 -51.830292
13 103 -51.830292
104 3 -51.404467
3 104 -51.404467
104 4 -50.520766
4 104 -50.520766
104 5 -45.277416
5 104 -45.277416
104 14 -43.552816
14 104 -43.552816
105 4 -43.556456
4 105 -43.556456
105 5 -41.691231
5 105 -41.691231
105 6 -54.494277
6 105 -54.494277
105 15 -44.163450
15 105 -44.163450
106 5 -54.945466
5 106 -54.945466
106 6 -49.296405
6 106 -49.296405
106 7 -54.717442
7 106 -54.717442
106 16 -53.698520
16 106 -53.698520
107 6 -42.007065
6 107 -42.007065
107 7 -46.421914
7 107 -46.421914
107 8 -54.477408
8 107 -54.477408
107 17 -50.568604
17 107 -50.568604
108 7 -54.892401
7 108 -54.892401
108 8 -51.028523
8 108 -51.028523
108 9 -45.046464
9 108 -45.046464
108 18 -44.627336
18 108 -44.627336
109 8 -53.531791
8 109 -53.531791
109 9 -48.366541
9 109 -48.366541
109 19 -40.332265
19 109 -40.332265
110 0 -44.487056
0 110 -44.487056
110 10 -50.687370
10 110 -50.687370
110 11 -54.910371
11 110 -54.910371
110 20 -43.665169
20 110 -43.665169
111 1 -49.820742
1 111 -49.820742
111 10 -50.709183
10 111 -50.709183
111 11 -43.339165
11 111 -43.339165
111 12 -52.368450
12 111 -52.368450
111 21 -41.756710
21 111 -41.756710
112 2 -47.845395
2 112 -47.845395
112 11 -54.695158
11 112 -54.695158
112 12 -45.290304
12 112 -45.290304
112 13 -45.421696
13 112 -45.421696
112 22 -45.976222
22 112 -45.976222
113 3 -46.549870
3 113 -46.549870
113 12 -52.026787
12 113 -52.026787
113 13 -53.659039
13 113 -53.659039
113 14 -51.558368
14 113 -51.558368
113 23 -50.765685
23 113 -50.765685
114 4 -44.465389
4 114 -44.465389
114 13 -44.955253
13 114 -44.955253
114 14 -45.176837
14 114 -45.176837
114 15 -43.533875
15 114 -43.533875
114 24 -41.431462
24 114 -41.431462
115 5 -49.071946
5 115 -49.071946
115 14 -46.947852
14 115 -46.947852
115 15 -50.728235
15 115 -50.728235
115 16 -53.635609
16 115 -53.635609
115 25 -41.311739
25 115 -41.311739
116 6 -41.971211
6 116 -41.971211
116 15 -44.146814
15 116 -44.146814
116 16 -48.141711
16 116 -48.141711
116 17 -44.367902
17 116 -44.367902
116 26 -48.135492
26 116 -48.135492
117 7 -51.161852
7 117 -51.161852
117 16 -43.533852
16 117 -43.533852
117 17 -42.994849
17 117 -42.994849
117 18 -51.478569
18 117 -51.478569
117 27 -41.458425
27 117 -41.458425
118 8 -53.557659
8 118 -53.557659
118 17 -45.078638
17 118 -45.078638
118 18 -42.504947
18 118 -42.504947
118 19 -54.697843
19 118 -54.697843
118 28 -43.084942
28 118 -43.084942
119 9 -53.786474
9 119 -53.786474
119 18 -41.751871
18 119 -41.751871
119 19 -44.057071
19 119 -44.057071
119 29 -49.360499
29 119 -49.360499
120 10 -41.413854
10 120 -41.413854
120 20 -42.689835
20 120 -42.689835
120 21 -48.201904
21 120 -48.201904
120 30 -43.876222
30 120 -43.876222
121 11 -54.552177
11 121 -54.552177
121 20 -50.612513
20 121 -50.612513
121 21 -41.897097
21 121 -41.897097
121 22 -44.531985
22 121 -44.531985
121 31 -45.188820
31 121 -45.188820
122 12 -50.233404
12 122 -50.233404
122 21 -43.064219
21 122 -43.064219
122 22 -41.337191
22 122 -41.337191
122 23 -48.709921
23 122 -48.709921
122 32 -46.009859
32 122 -46.009859
123 13 -51.371727
13 123 -51.371727
123 22 -49.435542
22 123 -49.435542
123 23 -46.422547
23 123 -46.422547
123 24 -42.607575
24 123 -42.607575
123 33 -42.502958
33 123 -42.502958
124 14 -50.341113
14 124 -50.341113
124 23 -49.305000
23 124 -49.305000
124 24 -44.148438
24 124 -44.148438
124 25 -41.766823
25 124 -41.766823
124 34 -50.825839
34 124 -50.825839
125 15 -42.759635
15 125 -42.759635
125 24 -48.960658
24 125 -48.960658
125 25 -53.226570
25 125 -53.226570
125 26 -44.828955
26 125 -44.828955
125 35 -43.000068
35 125 -43.000068
126 16 -42.709301
16 126 -42.709301
126 25 -40.601375
25 126 -40.601375
126 26 -47.223105
26 126 -47.223105
126 27 -44.924956
27 126 -44.924956
126 36 -42.145041
36 126 -42.145041
127 17 -46.676933
17 127 -46.676933
127 26 -48.920316
26 127 -48.920316
127 27 -42.406766
27 127 -42.406766
127 28 -53.411557
28 127 -53.411557
127 37 -51.201556
37 127 -51.201556
128 18 -52.757484
18 128 -52.757484
128 27 -42.945893
27 128 -42.945893
128 28 -40.369506
28 128 -40.369506
128 29 -42.958728
29 128 -42.958728
128 38 -47.533406
38 128 -47.533406
129 19 -54.213374
19 129 -54.213374
129 28 -45.110567
28 129 -45.110567
129 29 -51.563775
29 129 -51.563775
129 39 -43.716252
39 129 -43.716252
130 20 -48.797658
20 130 -48.797658
130 30 -52.146877
30 130 -52.146877
130 31 -49.779063
31 130 -49.779063
130 40 -47.030418
40 130 -47.030418
131 21 -47.846608
21 131 -47.846608
131 30 -45.372347
30 131 -45.372347
131 31 -43.616573
31 131 -43.616573
131 32 -46.874853
32 131 -46.874853
131 41 -46.419004
41 131 -46.419004
132 22 -48.417552
22 132 -48.417552
132 31 -46.130785
31 132 -46.130785
132 32 -54.230348
32 132 -54.230348
132 33 -42.858984
33 132 -42.858984
132 42 -43.654597
42 132 -43.654597
133 23 -40.008601
23 133 -40.008601
133 32 -52.986315
32 133 -52.986315
133 33 -48.401155
33 133 -48.401155
133 34 -47.197012
34 133 -47.197012
133 43 -44.051118
43 133 -44.051118
134 24 -49.247162
24 134 -49.247162
134 33 -49.722437
33 134 -49.722437
134 34 -52.270624
34 134 -52.270624
134 35 -41.753225
35 134 -41.753225
134 44 -46.066875
44 134 -46.066875
135 25 -43.762222
25 135 -43.762222
135 34 -40.879963
34 135 -40.879963
135 35 -45.259823
35 135 -45.259823
135 36 -49.759129
36 135 -49.759129
135 45 -49.633801
45 135 -49.633801
136 26 -43.124639
26 136 -43.124639
136 35 -46.750711
35 136 -46.750711
136 36 -45.077827
36 136 -45.077827
136 37 -43.321883
37 136 -43.321883
136 46 -42.471849
46 136 -42.471849
137 27 -48.114100
27 137 -48.114100
137 36 -40.211475
36 137 -40.211475
137 37 -54.096002
37 137 -54.096002
137 38 -44.087509
38 137 -44.087509
137 47 -48.345661
47 137 -48.345661
138 28 -43.343311
28 138 -43.343311
138 37 -52.903192
37 138 -52.903192
138 38 -51.498640
38 138 -51.498640
138 39 -52.079295
39 138 -52.079295
138 48 -41.111034
48 138 -41.111034
139 29 -52.524962
29 139 -52.524962
139 38 -42.853145
38 139 -42.853145
139 39 -47.665668
39 139 -47.665668
139 49 -45.414522
49 139 -45.414522
140 30 -49.785423
30 140 -49.785423
140 40 -43.328400
40 140 -43.328400
140 41 -48.523586
41 140 -48.523586
140 50 -50.737985
50 140 -50.737985
141 31 -54.634748
31 141 -54.634748
141 40 -40.547021
40 141 -40.547021
141 41 -53.019431
41 141 -53.019431
141 42 -53.007106
42 141 -53.007106
141 51 -51.237188
51 141 -51.237188
142 32 -53.174597
32 142 -53.174597
142 41 -46.207840
41 142 -46.207840
142 42 -50.932251
42 142 -50.932251
142 43 -44.748516
43 142 -44.748516
142 52 -44.895869
52 142 -44.895869
143 33 -51.159466
33 143 -51.159466
143 42 -40.992413
42 143 -40.992413
143 43 -54.874272
43 143 -54.874272
143 44 -53.393327
44 143 -53.393327
143 53 -49.097834
53 143 -49.097834
144 34 -53.147284
34 144 -53.147284
144 43 -40.160212
43 144 -40.160212
144 44 -40.577807
44 144 -40.577807
144 45 -46.101296
45 144 -46.101296
144 54 -51.740742
54 144 -51.740742
145 35 -49.166495
35 145 -49.166495
145 44 -48.372724
44 145 -48.372724
145 45 -47.597730
45 145 -47.597730
145 46 -41.877739
46 145 -41.877739
145 55 -41.288597
55 145 -41.288597
146 36 -53.069867
36 146 -53.069867
146 45 -50.297274
45 146 -50.297274
146 46 -45.800826
46 146 -45.800826
146 47 -41.954535
47 146 -41.954535
146 56 -50.365512
56 146 -50.365512
147 37 -41.740832
37 147 -41.740832
147 46 -44.148709
46 147 -44.148709
147 47 -45.559459
47 147 -45.559459
147 48 -47.698641
48 147 -47.698641
147 57 -46.354332
57 147 -46.354332
148 38 -45.361682
38 148 -45.361682
148 47 -50.311690
47 148 -50.311690
148 48 -48.619352
48 148 -48.619352
148 49 -48.221912
49 148 -48.221912
148 58 -47.535304
58 148 -47.535304
149 39 -49.517422
39 149 -49.517422
149 48 -50.645167
48 149 -50.645167
149 49 -50.656090
49 149 -50.656090
149 59 -49.883487
59 149 -49.883487
150 40 -41.461779
40 150 -41.461779
150 50 -44.642375
50 150 -44.642375
150 51 -49.035965
51 150 -49.035965
150 60 -54.762977
60 150 -54.762977
151 41 -54.866890
41 151 -54.866890
151 50 -43.192857
50 151 -43.192857
151 51 -44.022298
51 151 -44.022298
151 52 -43.875258
52 151 -43.875258
151 61 -48.851146
61 151 -48.851146
152 42 -43.252751
42 152 -43.252751
152 51 -45.776918
51 152 -45.776918
152 52 -52.865530
52 152 -52.865530
152 53 -40.132603
53 152 -40.132603
152 62 -41.107423
62 152 -41.107423
153 43 -53.043685
43 153 -53.043685
153 52 -53.967974
52 153 -53.967974
153 53 -40.458560
53 153 -40.458560
153 54 -48.071403
54 153 -48.071403
153 63 -50.998189
63 153 -50.998189
154 44 -49.799469
44 154 -49.799469
154 53 -50.374296
53 154 -50.374296
154 54 -54.392058
54 154 -54.392058
154 55 -50.586817
55 154 -50.586817
154 64 -42.692338
64 154 -42.692338
155 45 -46.812859
45 155 -46.812859
155 54 -47.195444
54 155 -47.195444
155 55 -51.995714
55 155 -51.995714
155 56 -52.178252
56 155 -52.178252
155 65 -40.817748
65 155 -40.817748
156 46 -42.491305
46 156 -42.491305
156 55 -47.143006
55 156 -47.143006
156 56 -50.644884
56 156 -50.644884
156 57 -50.850123
57 156 -50.850123
156 66 -44.425064
66 156 -44.425064
157 47 -51.929760
47 157 -51.929760
157 56 -49.027677
56 157 -49.027677
157 57 -54.454639
57 157 -54.454639
157 58 -51.042463
58 157 -51.042463
157 67 -45.497334
67 157 -45.497334
158 48 -49.436699
48 158 -49.436699
158 57 -42.535479
57 158 -42.535479
158 58 -45.821190
58 158 -45.821190
158 59 -50.811771
59 158 -50.811771
158 68 -50.644372
68 158 -50.644372
159 49 -53.036090
49 159 -53.036090
159 58 -49.814157
58 159 -49.814157
159 59 -49.088405
59 159 -49.088405
159 69 -45.844191
69 159 -45.844191
160 50 -48.521164
50 160 -48.521164
160 60 -52.276151
60 160 -52.276151
160 61 -43.871776
61 160 -43.871776
160 70 -50.966487
70 160 -50.966487
161 51 -48.880308
51 161 -48.880308
161 60 -40.447199
60 161 -40.447199
161 61 -44.443450
61 161 -44.443450
161 62 -46.998265
62 161 -46.998265
161 71 -48.979974
71 161 -48.979974
162 52 -40.071859
52 162 -40.071859
162 61 -48.604642
61 162 -48.604642
162 62 -44.785223
62 162 -44.785223
162 63 -51.172368
63 162 -51.172368
162 72 -45.796430
72 162 -45.796430
163 53 -41.324586
53 163 -41.324586
163 62 -43.451786
62 163 -43.451786
163 63 -46.292735
63 163 -46.292735
163 64 -54.232815
64 163 -54.232815
163 73 -46.450633
73 163 -46.450633
164 54 -46.219880
54 164 -46.219880
164 63 -42.218616
63 164 -42.218616
164 64 -40.224023
64 164 -40.224023
164 65 -50.075243
65 164 -50.075243
164 74 -49.821380
74 164 -49.821380
165 55 -43.797258
55 165 -43.797258
165 64 -48.238250
64 165 -48.238250
165 65 -43.614242
65 165 -43.614242
165 66 -44.762959
66 165 -44.762959
165 75 -44.745593
75 165 -44.745593
166 56 -44.523469
56 166 -44.523469
166 65 -51.426880
65 166 -51.426880
166 66 -52.204597
66 166 -52.204597
166 67 -48.728416
67 166 -48.728416
166 76 -41.653555
76 166 -41.653555
167 57 -51.796781
57 167 -51.796781
167 66 -44.232233
66 167 -44.232233
167 67 -54.738007
67 167 -54.738007
167 68 -49.649412
68 167 -49.649412
167 77 -52.420915
77 167 -52.420915
168 58 -43.654361
58 168 -43.654361
168 67 -53.133664
67 168 -53.133664
168 68 -41.295223
68 168 -41.295223
168 69 -40.024610
69 168 -40.024610
168 78 -54.390831
78 168 -54.390831
169 59 -45.421104
59 169 -45.421104
169 68 -42.292633
68 169 -42.292633
169 69 -54.818696
69 169 -54.818696
169 79 -40.629008
79 169 -40.629008
170 60 -53.522294
60 170 -53.522294
170 70 -41.649304
70 170 -41.649304
170 71 -42.163291
71 170 -42.163291
170 80 -54.025609
80 170 -54.025609
171 61 -52.253910
61 171 -52.253910
171 70 -47.096185
70 171 -47.096185
171 71 -42.401395
71 171 -42.401395
171 72 -43.087022
72 171 -43.087022
171 81 -43.055377
81 171 -43.055377
172 62 -47.151591
62 172 -47.151591
172 71 -43.339904
71 172 -43.339904
172 72 -51.214674
72 172 -51.214674
172 73 -52.328498
73 172 -52.328498
172 82 -45.288100
82 172 -45.288100
173 63 -51.355338
63 173 -51.355338
173 72 -50.066262
72 173 -50.066262
173 73 -50.668587
73 173 -50.668587
173 74 -53.843690
74 173 -53.843690
173 83 -52.265929
83 173 -52.265929
174 64 -53.932845
64 174 -53.932845
174 73 -48.070833
73 174 -48.070833
174 74 -45.576360
74 174 -45.576360
174 75 -52.327850
75 174 -52.327850
174 84 -46.726211
84 174 -46.726211
175 65 -45.911641
65 175 -45.911641
175 74 -47.881006
74 175 -47.881006
175 75 -43.297211
75 175 -43.297211
175 76 -43.007184
76 175 -43.007184
175 85 -48.962982
85 175 -48.962982
176 66 -52.963815
66 176 -52.963815
176 75 -45.726353
75 176 -45.726353
176 76 -48.999640
76 176 -48.999640
176 77 -47.587174
77 176 -47.587174
176 86 -45.569127
86 176 -45.569127
177 67 -46.070924
67 177 -46.070924
177 76 -49.285417
76 177 -49.285417
177 77 -41.278942
77 177 -41.278942
177 78 -40.229511
78 177 -40.229511
177 87 -53.685845
87 177 -53.685845
178 68 -47.346878
68 178 -47.346878
178 77 -48.837854
77 178 -48.837854
178 78 -44.059765
78 178 -44.059765
178 79 -43.825037
79 178 -43.825037
178 88 -50.999469
88 178 -50.999469
179 69 -53.666411
69 179 -53.666411
179 78 -53.630200
78 179 -53.630200
179 79 -42.002129
79 179 -42.002129
179 89 -43.107330
89 179 -43.107330
180 70 -43.851372
70 180 -43.851372
180 80 -44.254049
80 180 -44.254049
180 81 -46.636673
81 180 -46.636673
180 90 -46.855132
90 180 -46.855132
181 71 -51.461996
71 181 -51.461996
181 80 -54.665510
80 181 -54.665510
181 81 -51.409519
81 181 -51.409519
181 82 -49.718154
82 181 -49.718154
181 91 -51.844831
91 181 -51.844831
182 72 -52.269661
72 182 -52.269661
182 81 -45.988072
81 182 -45.988072
182 82 -48.722109
82 182 -48.722109
182 83 -53.676354
83 182 -53.676354
182 92 -52.305313
92 182 -52.305313
183 73 -51.692372
73 183 -51.692372
183 82 -53.286154
82 183 -53.286154
183 83 -48.261693
83 183 -48.261693
183 84 -48.439813
84 183 -48.439813
183 93 -43.137237
93 183 -43.137237
184 74 -43.788828
74 184 -43.788828
184 83 -53.310200
83 184 -53.310200
184 84 -40.228726
84 184 -40.228726
184 85 -54.417917
85 184 -54.417917
184 94 -52.487042
94 184 -52.487042
185 75 -47.599094
75 185 -47.599094
185 84 -44.354066
84 185 -44.354066
185 85 -42.800680
85 185 -42.800680
185 86 -51.275030
86 185 -51.275030
185 95 -45.756620
95 185 -45.756620
186 76 -54.957590
76 186 -54.957590
186 85 -44.825873
85 186 -44.825873
186 86 -52.898879
86 186 -52.898879
186 87 -41.437089
87 186 -41.437089
186 96 -46.495952
96 186 -46.495952
187 77 -41.045144
77 187 -41.045144
187 86 -43.046647
86 187 -43.046647
187 87 -50.783106
87 187 -50.783106
187 88 -49.445765
88 187 -49.445765
187 97 -44.547260
97 187 -44.547260
188 78 -54.793965
78 188 -54.793965
188 87 -50.322262
87 188 -50.322262
188 88 -43.172520
88 188 -43.172520
188 89 -48.322623
89 188 -48.322623
188 98 -44.841032
98 188 -44.841032
189 79 -40.844397
79 189 -40.844397
189 88 -50.608263
88 189 -50.608263
189 89 -52.976276
89 189 -52.976276
189 99 -49.845495
99 189 -49.845495
190 80 -42.591832
80 190 -42.591832
190 90 -44.642997
90 190 -44.642997
190 91 -49.723206
91 190 -49.723206
191 81 -52.699058
81 191 -52.699058
191 90 -51.302669
90 191 -51.302669
191 91 -50.671727
91 191 -50.671727
191 92 -53.258014
92 191 -53.258014
192 82 -52.114242
82 192 -52.114242
192 91 -46.269871
91 192 -46.269871
192 92 -46.714817
92 192 -46.714817
192 93 -46.536243
93 192 -46.536243
193 83 -46.938475
83 193 -46.938475
193 92 -53.359201
92 193 -53.359201
193 93 -52.763222
93 193 -52.763222
193 94 -50.739476
94 193 -50.739476
194 84 -49.884641
84 194 -49.884641
194 93 -50.321273
93 194 -50.321273
194 94 -42.458082
94 194 -42.458082
194 95 -42.190774
95 194 -42.190774
195 85 -46.911043
85 195 -46.911043
195 94 -44.338544
94 195 -44.338544
195 95 -47.938422
95 195 -47.938422
195 96 -45.324252
96 195 -45.324252
196 86 -54.271551
86 196 -54.271551
196 95 -46.479065
95 196 -46.479065
196 96 -54.264062
96 196 -54.264062
196 97 -44.224818
97 196 -44.224818
197 87 -51.256900
87 197 -51.256900
197 96 -47.036692
96 197 -47.036692
197 97 -40.468322
97 197 -40.468322
197 98 -40.922362
98 197 -40.922362
198 88 -43.822712
88 198 -43.822712
198 97 -44.437126
97 198 -44.437126
198 98 -53.548054
98 198 -53.548054
198 99 -46.393100
99 198 -46.393100
199 89 -40.984948
89 199 -40.984948
199 98 -53.670264
98 199 -53.670264
199 99 -50.714716
99 199 -50.714716
