49 0 -46.355466
0 49 -46.355466
49 1 -40.288707
1 49 -40.288707
50 1 -44.580030
1 50 -44.580030
50 2 -50.199248
2 50 -50.199248
51 2 -47.494420
2 51 -47.494420
51 3 -48.237180
3 51 -48.237180
52 3 -44.997317
3 52 -44.997317
52 4 -48.852738
4 52 -48.852738
53 4 -51.081811
4 53 -51.081811
53 5 -46.113852
5 53 -46.113852
54 5 -46.675278
5 54 -46.675278
54 6 -54.267243
6 54 -54.267243
55 0 -46.088910
0 55 -46.088910
55 7 -41.926811
7 55 -41.926811
56 1 -46.432252
1 56 -46.432252
56 8 -53.283402
8 56 -53.283402
57 2 -49.655345
2 57 -49.655345
57 9 -52.588206
9 57 -52.588206
58 3 -53.483504
3 58 -53.483504
58 10 -43.360370
10 58 -43.360370
59 4 -54.591198
4 59 -54.591198
59 11 -52.661626
11 59 -52.661626
60 5 -47.582765
5 60 -47.582765
60 12 -53.937777
12 60 -53.937777
61 6 -45.818333
6 61 -45.818333
61 13 -52.650025
13 61 -52.650025
62 7 -40.567542
7 62 -40.567542
62 8 -43.934525
8 62 -43.934525
63 8 -40.256875
8 63 -40.256875
63 9 -52.956993
9 63 -52.956993
64 9 -53.507215
9 64 -53.507215
64 10 -41.470431
10 64 -41.470431
65 10 -51.275464
10 65 -51.275464
65 11 -54.021945
11 65 -54.021945
66 11 -46.429849
11 66 -46.429849
66 12 -50.221716
12 66 -50.221716
67 12 -54.326019
12 67 -54.326019
67 13 -51.287721
13 67 -51.287721
68 7 -46.630788
7 68 -46.630788
68 14 -46.224081
14 68 -46.224081
69 8 -44.582535
8 69 -44.582535
69 15 -46.551122
15 69 -46.551122
70 9 -50.882329
9 70 -50.882329
70 16 -53.059343
16 70 -53.059343
71 10 -50.445403
10 71 -50.445403
71 17 -53.517865
17 71 -53.517865
72 11 -49.663008
11 72 -49.663008
72 18 -41.223747
18 72 -41.223747
73 12 -43.009349
12 73 -43.009349
73 19 -42.628272
19 73 -42.628272
74 13 -46.293340
13 74 -46.293340
74 20 -51.804985
20 74 -51.804985
75 14 -53.002592
14 75 -53.002592
75 15 -40.713570
15 75 -40.713570
76 15 -49.632352
15 76 -49.632352
76 16 -53.858484
16 76 -53.858484
77 16 -43.606867
16 77 -43.606867
77 17 -43.029798
17 77 -43.029798
78 17 -41.710217
17 78 -41.710217
78 18 -49.971172
18 78 -49.971172
79 18 -54.426127
18 79 -54.426127
79 19 -49.637490
19 79 -49.637490
80 19 -52.234426
19 80 -52.234426
80 20 -41.539125
20 80 -41.539125
81 14 -46.591335
14 81 -46.591335
81 21 -54.348822
21 81 -54.348822
82 15 -48.977744
15 82 -48.977744
82 22 -45.908900
22 82 -45.908900
83 16 -43.396683
16 83 -43.396683
83 23 -44.613958
23 83 -44.613958
84 17 -46.412804
17 84 -46.412804
84 24 -48.204835
24 84 -48.204835
85 18 -46.782870
18 85 -46.782870
85 25 -45.940661
25 85 -45.940661
86 19 -44.328341
19 86 -44.328341
86 26 -52.172915
26 86 -52.172915
87 20 -50.945921
20 87 -50.945921
87 27 -53.025914
27 87 -53.025914
88 21 -45.939426
21 88 -45.939426
88 22 -44.773397
22 88 -44.773397
89 22 -48.033227
22 89 -48.033227
89 23 -45.804701
23 89 -45.804701
90 23 -53.729635
23 90 -53.729635
90 24 -48.712889
24 90 -48.712889
91 24 -40.765039
24 91 -40.765039
91 25 -49.336453
25 91 -49.336453
92 25 -43.266748
25 92 -43.266748
92 26 -50.722148
26 92 -50.722148
93 26 -48.049676
26 93 -48.049676
93 27 -45.510228
27 93 -45.510228
94 21 -51.706427
21 94 -51.706427
94 28 -49.221248
28 94 -49.221248
95 22 -50.059358
22 95 -50.059358
95 29 -52.740542
29 95 -52.740542
96 23 -45.272100
23 96 -45.272100
96 30 -42.882739
30 96 -42.882739
97 24 -52.920245
24 97 -52.920245
97 31 -46.920497
31 97 -46.920497
98 25 -40.291461
25 98 -40.291461
98 32 -48.021227
32 98 -48.021227
99 26 -43.258323
26 99 -43.258323
99 33 -41.938535
33 99 -41.938535
100 27 -50.141869
27 100 -50.141869
100 34 -41.290984
34 100 -41.290984
101 28 -50.984046
28 101 -50.984046
101 29 -41.664340
29 101 -41.664340
102 29 -42.951536
29 102 -42.951536
102 30 -48.431828
30 102 -48.431828
103 30 -53.049984
30 103 -53.049984
103 31 -50.913182
31 103 -50.913182
104 31 -49.181890
31 104 -49.181890
104 32 -52.063785
32 104 -52.063785
105 32 -45.309857
32 105 -45.309857
105 33 -46.949595
33 105 -46.949595
106 33 -53.600787
33 106 -53.600787
106 34 -50.589721
34 106 -50.589721
107 28 -51.855333
28 107 -51.855333
107 35 -53.337938
35 107 -53.337938
108 29 -47.351690
29 108 -47.351690
108 36 -42.791311
36 108 -42.791311
109 30 -51.690830
30 109 -51.690830
109 37 -42.316145
37 109 -42.316145
110 31 -45.481587
31 110 -45.481587
110 38 -47.802180
38 110 -47.802180
111 32 -42.522138
32 111 -42.522138
111 39 -54.743668
39 111 -54.743668
112 33 -43.903996
33 112 -43.903996
112 40 -46.845682
40 112 -46.845682
113 34 -47.593931
34 113 -47.593931
113 41 -51.386657
41 113 -51.386657
114 35 -40.836331
35 114 -40.836331
114 36 -45.339884
36 114 -45.339884
115 36 -45.725264
36 115 -45.725264
115 37 -54.746722
37 115 -54.746722
116 37 -41.787422
37 116 -41.787422
116 38 -43.859207
38 116 -43.859207
117 38 -45.716498
38 117 -45.716498
117 39 -53.058236
39 117 -53.058236
118 39 -50.184308
39 118 -50.184308
118 40 -42.976282
40 118 -42.976282
119 40 -40.964700
40 119 -40.964700
119 41 -49.690989
41 119 -49.690989
120 35 -44.264323
35 120 -44.264323
120 42 -50.928182
42 120 -50.928182
121 36 -49.027926
36 121 -49.027926
121 43 -45.292585
43 121 -45.292585
122 37 -41.712076
37 122 -41.712076
122 44 -45.961889
44 122 -45.961889
123 38 -45.102803
38 123 -45.102803
123 45 -48.501283
45 123 -48.501283
124 39 -45.625374
39 124 -45.625374
124 46 -49.365885
46 124 -49.365885
125 40 -48.941292
40 125 -48.941292
125 47 -43.341511
47 125 -43.341511
126 41 -43.729891
41 126 -43.729891
126 48 -50.738511
48 126 -50.738511
127 42 -47.132111
42 127 -47.132111
127 43 -41.457593
43 127 -41.457593
128 43 -53.683864
43 128 -53.683864
128 44 -50.989252
44 128 -50.989252
129 44 -46.338143
44 129 -46.338143
129 45 -41.450526
45 129 -41.450526
130 45 -52.851619
45 130 -52.851619
130 46 -44.572431
46 130 -44.572431
131 46 -45.200352
46 131 -45.200352
131 47 -54.779830
47 131 -54.779830
132 47 -46.496268
47 132 -46.496268
132 48 -54.576111
48 132 -54.576111
