25 0 -45.723987
0 25 -45.723987
25 1 -47.220484
1 25 -47.220484
25 5 -54.669171
5 25 -54.669171
26 0 -41.939618
0 26 -41.939618
26 1 -52.448431
1 26 -52.448431
26 2 -40.085831
2 26 -40.085831
26 6 -40.694648
6 26 -40.694648
27 1 -41.144628
1 27 -41.144628
27 2 -48.735932
2 27 -48.735932
27 3 -40.348588
3 27 -40.348588
27 7 -47.352851
7 27 -47.352851
28 2 -40.587015
2 28 -40.587015
28 3 -42.082169
3 28 -42.082169
28 4 -48.638975
4 28 -48.638975
28 8 -43.393509
8 28 -43.393509
29 3 -49.968103
3 29 -49.968103
29 4 -43.643835
4 29 -43.643835
29 9 -42.433723
9 29 -42.433723
30 0 -40.471637
0 30 -40.471637
30 5 -53.674937
5 30 -53.674937
30 6 -51.869463
6 30 -51.869463
30 10 -47.303838
10 30 -47.303838
31 1 -43.056967
1 31 -43.056967
31 5 -44.187658
5 31 -44.187658
31 6 -44.082617
6 31 -44.082617
31 7 -47.908475
7 31 -47.908475
31 11 -42.803356
11 31 -42.803356
32 2 -53.211023
2 32 -53.211023
32 6 -42.890365
6 32 -42.890365
32 7 -53.014669
7 32 -53.014669
32 8 -50.970776
8 32 -50.970776
32 12 -54.636312
12 32 -54.636312
33 3 -49.948237
3 33 -49.948237
33 7 -45.108708
7 33 -45.108708
33 8 -40.804310
8 33 -40.804310
33 9 -45.899999
9 33 -45.899999
33 13 -52.976269
13 33 -52.976269
34 4 -47.164371
4 34 -47.164371
34 8 -47.373234
8 34 -47.373234
34 9 -53.522291
9 34 -53.522291
34 14 -50.787720
14 34 -50.787720
35 5 -53.207705
5 35 -53.207705
35 10 -48.685269
10 35 -48.685269
35 11 -43.571365
11 35 -43.571365
35 15 -53.751326
15 35 -53.751326
36 6 -41.220481
6 36 -41.220481
36 10 -49.026877
10 36 -49.026877
36 11 -47.211757
11 36 -47.211757
36 12 -51.882062
12 36 -51.882062
36 16 -46.194774
16 36 -46.194774
37 7 -48.318578
7 37 -48.318578
37 11 -44.377631
11 37 -44.377631
37 12 -52.144628
12 37 -52.144628
37 13 -49.211157
13 37 -49.211157
37 17 -43.094285
17 37 -43.094285
38 8 -40.597986
8 38 -40.597986
38 12 -49.761776
12 38 -49.761776
38 13 -51.005434
13 38 -51.005434
38 14 -54.292863
14 38 -54.292863
38 18 -40.434612
18 38 -40.434612
39 9 -50.886465
9 39 -50.886465
39 13 -52.978936
13 39 -52.978936
39 14 -42.851509
14 39 -42.851509
39 19 -41.897133
19 39 -41.897133
40 10 -49.475569
10 40 -49.475569
40 15 -52.347154
15 40 -52.347154
40 16 -46.217471
16 40 -46.217471
40 20 -48.821426
20 40 -48.821426
41 11 -41.207608
11 41 -41.207608
41 15 -45.936266
15 41 -45.936266
41 16 -40.869959
16 41 -40.869959
41 17 -47.341016
17 41 -47.341016
41 21 -47.373583
21 41 -47.373583
42 12 -41.775504
12 42 -41.775504
42 16 -43.946296
16 42 -43.946296
42 17 -46.207550
17 42 -46.207550
42 18 -50.759045
18 42 -50.759045
42 22 -51.148616
22 42 -51.148616
43 13 -49.603481
13 43 -49.603481
43 17 -41.215812
17 43 -41.215812
43 18 -53.870095
18 43 -53.870095
43 19 -52.993598
19 43 -52.993598
43 23 -47.346285
23 43 -47.346285
44 14 -44.386382
14 44 -44.386382
44 18 -42.487391
18 44 -42.487391
44 19 -42.605586
19 44 -42.605586
44 24 -50.541910
24 44 -50.541910
45 15 -42.894858
15 45 -42.894858
45 20 -53.697363
20 45 -53.697363
45 21 -40.088175
21 45 -40.088175
46 16 -54.849194
16 46 -54.849194
46 20 -46.508590
20 46 -46.508590
46 21 -44.478870
21 46 -44.478870
46 22 -49.766513
22 46 -49.766513
47 17 -52.791947
17 47 -52.791947
47 21 -48.014417
21 47 -48.014417
47 22 -53.576190
22 47 -53.576190
47 23 -52.770128
23 47 -52.770128
48 18 -49.555156
18 48 -49.555156
48 22 -42.625885
22 48 -42.625885
48 23 -49.414794
23 48 -49.414794
48 24 -48.166206
24 48 -48.166206
49 19 -40.328284
19 49 -40.328284
49 23 -47.370316
23 49 -47.370316
49 24 -47.466333
24 49 -47.466333
